0-00:00:02.3800941
69 0 0 0 0 0 0 0 0 
1-00:00:02.3800941
69 0 0 0 0 0 0 0 0 
2-00:00:02.3800941
69 0 0 0 0 0 0 0 0 
3-00:00:02.3800941
69 0 0 0 0 0 0 0 0 
4-00:00:02.3800941
69 0 0 0 0 0 0 0 0 
5-00:00:02.3800941
69 0 0 0 0 0 0 0 0 
0-00:00:02.4257078
69 0 0 0 0 0 0 0 0 
1-00:00:02.4257078
69 0 0 0 0 0 0 0 0 
2-00:00:02.4257078
69 0 0 0 0 0 0 0 0 
3-00:00:02.4257078
69 0 0 0 0 0 0 0 0 
4-00:00:02.4257078
69 0 0 0 0 0 0 0 0 
5-00:00:02.4257078
69 0 0 0 0 0 0 0 0 
0-00:00:02.4587628
69 0 0 0 0 0 0 0 0 
1-00:00:02.4587628
69 0 0 0 0 0 0 0 0 
2-00:00:02.4587628
69 0 0 0 0 0 0 0 0 
3-00:00:02.4587628
69 0 0 0 0 0 0 0 0 
4-00:00:02.4587628
69 0 0 0 0 0 0 0 0 
5-00:00:02.4587628
69 0 0 0 0 0 0 0 0 
0-00:00:02.4837791
69 0 0 0 0 0 0 0 0 
1-00:00:02.4837791
69 0 0 0 0 0 0 0 0 
2-00:00:02.4837791
69 0 0 0 0 0 0 0 0 
3-00:00:02.4837791
69 0 0 0 0 0 0 0 0 
4-00:00:02.4837791
69 0 0 0 0 0 0 0 0 
5-00:00:02.4837791
69 0 0 0 0 0 0 0 0 
0-00:00:02.5259275
69 0 0 0 0 0 0 0 0 
1-00:00:02.5259275
69 0 0 0 0 0 0 0 0 
2-00:00:02.5259275
69 0 0 0 0 0 0 0 0 
3-00:00:02.5259275
69 0 0 0 0 0 0 0 0 
4-00:00:02.5259275
69 0 0 0 0 0 0 0 0 
5-00:00:02.5259275
69 0 0 0 0 0 0 0 0 
0-00:00:02.5599357
69 0 0 0 0 0 0 0 0 
1-00:00:02.5599357
69 0 0 0 0 0 0 0 0 
2-00:00:02.5599357
69 0 0 0 0 0 0 0 0 
3-00:00:02.5599357
69 0 0 0 0 0 0 0 0 
4-00:00:02.5599357
69 0 0 0 0 0 0 0 0 
5-00:00:02.5599357
69 0 0 0 0 0 0 0 0 
0-00:00:02.5890333
69 0 0 0 0 0 0 0 0 
1-00:00:02.5890333
69 0 0 0 0 0 0 0 0 
2-00:00:02.5890333
69 0 0 0 0 0 0 0 0 
3-00:00:02.5890333
69 0 0 0 0 0 0 0 0 
4-00:00:02.5890333
69 0 0 0 0 0 0 0 0 
5-00:00:02.5890333
69 0 0 0 0 0 0 0 0 
0-00:00:02.6170788
69 0 0 0 0 0 0 0 0 
1-00:00:02.6170788
69 0 0 0 0 0 0 0 0 
2-00:00:02.6170788
69 0 0 0 0 0 0 0 0 
3-00:00:02.6170788
69 0 0 0 0 0 0 0 0 
4-00:00:02.6170788
69 0 0 0 0 0 0 0 0 
5-00:00:02.6170788
69 0 0 0 0 0 0 0 0 
0-00:00:02.6451912
69 0 0 0 0 0 0 0 0 
1-00:00:02.6451912
69 0 0 0 0 0 0 0 0 
2-00:00:02.6451912
69 0 0 0 0 0 0 0 0 
3-00:00:02.6451912
69 0 0 0 0 0 0 0 0 
4-00:00:02.6451912
69 0 0 0 0 0 0 0 0 
5-00:00:02.6451912
69 0 0 0 0 0 0 0 0 
0-00:00:02.6750471
69 0 0 0 0 0 0 0 0 
1-00:00:02.6750471
69 0 0 0 0 0 0 0 0 
2-00:00:02.6750471
69 0 0 0 0 0 0 0 0 
3-00:00:02.6750471
69 0 0 0 0 0 0 0 0 
4-00:00:02.6750471
69 0 0 0 0 0 0 0 0 
5-00:00:02.6750471
69 0 0 0 0 0 0 0 0 
0-00:00:02.7124321
69 0 0 0 0 0 0 0 0 
1-00:00:02.7124321
69 0 0 0 0 0 0 0 0 
2-00:00:02.7124321
69 0 0 0 0 0 0 0 0 
3-00:00:02.7124321
69 0 0 0 0 0 0 0 0 
4-00:00:02.7124321
69 0 0 0 0 0 0 0 0 
5-00:00:02.7124321
69 0 0 0 0 0 0 0 0 
0-00:00:02.7548702
69 0 0 0 0 0 0 0 0 
1-00:00:02.7548702
69 0 0 0 0 0 0 0 0 
2-00:00:02.7548702
69 0 0 0 0 0 0 0 0 
3-00:00:02.7548702
69 0 0 0 0 0 0 0 0 
4-00:00:02.7548702
69 0 0 0 0 0 0 0 0 
5-00:00:02.7548702
69 0 0 0 0 0 0 0 0 
0-00:00:02.7792342
69 0 0 0 0 0 0 0 0 
1-00:00:02.7792342
69 0 0 0 0 0 0 0 0 
2-00:00:02.7792342
69 0 0 0 0 0 0 0 0 
3-00:00:02.7792342
69 0 0 0 0 0 0 0 0 
4-00:00:02.7792342
69 0 0 0 0 0 0 0 0 
5-00:00:02.7792342
69 0 0 0 0 0 0 0 0 
0-00:00:02.8119784
69 0 0 0 0 0 0 0 0 
1-00:00:02.8119784
69 0 0 0 0 0 0 0 0 
2-00:00:02.8119784
69 0 0 0 0 0 0 0 0 
3-00:00:02.8119784
69 0 0 0 0 0 0 0 0 
4-00:00:02.8119784
69 0 0 0 0 0 0 0 0 
5-00:00:02.8119784
69 0 0 0 0 0 0 0 0 
0-00:00:02.8465923
69 0 0 0 0 0 0 0 0 
1-00:00:02.8465923
69 0 0 0 0 0 0 0 0 
2-00:00:02.8465923
69 0 0 0 0 0 0 0 0 
3-00:00:02.8465923
69 0 0 0 0 0 0 0 0 
4-00:00:02.8465923
69 0 0 0 0 0 0 0 0 
5-00:00:02.8465923
69 0 0 0 0 0 0 0 0 
0-00:00:02.9643968
69 0 0 0 0 0 0 0 0 
1-00:00:02.9643968
69 0 0 0 0 0 0 0 0 
2-00:00:02.9643968
69 0 0 0 0 0 0 0 0 
3-00:00:02.9643968
24 0 0 0 0 0 0 0 0 
4-00:00:02.9643968
69 0 0 0 0 0 0 0 0 
5-00:00:02.9643968
69 0 0 0 0 0 0 0 0 
0-00:00:03.0039376
69 0 0 0 0 0 0 0 0 
1-00:00:03.0039376
69 0 0 0 0 0 0 0 0 
2-00:00:03.0039376
63 0 0 0 0 0 0 0 0 
3-00:00:03.0039376
3 0 0 0 0 0 0 0 0 
4-00:00:03.0039376
69 0 0 0 0 0 0 0 0 
5-00:00:03.0039376
69 0 0 0 0 0 0 0 0 
0-00:00:03.0488652
69 0 0 0 0 0 0 0 0 
1-00:00:03.0488652
69 0 0 0 0 0 0 0 0 
2-00:00:03.0488652
63 0 0 0 0 0 0 0 0 
3-00:00:03.0488652
3 0 0 0 0 0 0 0 0 
4-00:00:03.0488652
69 0 0 0 0 0 0 0 0 
5-00:00:03.0488652
69 0 0 0 0 0 0 0 0 
0-00:00:03.0825024
69 0 0 0 0 0 0 0 0 
1-00:00:03.0825024
69 0 0 0 0 0 0 0 0 
2-00:00:03.0825024
63 0 0 0 0 0 0 0 0 
3-00:00:03.0825024
0 0 0 0 0 0 0 0 0 
4-00:00:03.0825024
69 0 0 0 0 0 0 0 0 
5-00:00:03.0825024
69 0 0 0 0 0 0 0 0 
0-00:00:03.1196787
69 0 0 0 0 0 0 0 0 
1-00:00:03.1196787
69 0 0 0 0 0 0 0 0 
2-00:00:03.1196787
0 0 0 0 0 0 0 0 0 
3-00:00:03.1196787
0 0 0 0 0 0 0 0 0 
4-00:00:03.1196787
69 0 0 0 0 0 0 0 0 
5-00:00:03.1196787
69 0 0 0 0 0 0 0 0 
0-00:00:03.1504104
69 0 0 0 0 0 0 0 0 
1-00:00:03.1504104
69 0 0 0 0 0 0 0 0 
2-00:00:03.1504104
0 0 0 0 0 0 0 0 0 
3-00:00:03.1504104
0 0 0 0 0 0 0 0 0 
4-00:00:03.1504104
69 0 0 0 0 0 0 0 0 
5-00:00:03.1504104
69 0 0 0 0 0 0 0 0 
0-00:00:03.1876494
69 0 0 0 0 0 0 0 0 
1-00:00:03.1876494
69 0 0 0 0 0 0 0 0 
2-00:00:03.1876494
0 0 0 0 0 0 0 0 0 
3-00:00:03.1876494
0 0 0 0 0 0 0 0 0 
4-00:00:03.1876494
69 0 0 0 0 0 0 0 0 
5-00:00:03.1876494
69 0 0 0 0 0 0 0 0 
0-00:00:03.2258277
69 0 0 0 0 0 0 0 0 
1-00:00:03.2258277
69 0 0 0 0 0 0 0 0 
2-00:00:03.2258277
0 0 0 0 0 0 0 0 0 
3-00:00:03.2258277
0 0 0 0 0 0 0 0 0 
4-00:00:03.2258277
69 0 0 0 0 0 0 0 0 
5-00:00:03.2258277
69 0 0 0 0 0 0 0 0 
0-00:00:03.2546514
69 0 0 0 0 0 0 0 0 
1-00:00:03.2546514
69 0 0 0 0 0 0 0 0 
2-00:00:03.2546514
0 0 0 0 0 0 99 0 0 
3-00:00:03.2546514
0 0 0 0 0 0 0 0 0 
4-00:00:03.2546514
69 0 0 0 0 0 0 0 0 
5-00:00:03.2546514
69 0 0 0 0 0 0 0 0 
0-00:00:03.2922084
69 0 0 0 0 0 0 0 0 
1-00:00:03.2922084
69 0 0 0 0 0 0 0 0 
2-00:00:03.2922084
0 0 0 0 0 0 99 0 0 
3-00:00:03.2922084
6 0 0 0 0 0 0 0 0 
4-00:00:03.2922084
69 0 0 0 0 0 0 0 0 
5-00:00:03.2922084
69 0 0 0 0 0 0 0 0 
0-00:00:03.3317836
69 0 0 0 0 0 0 0 0 
1-00:00:03.3317836
69 0 0 0 0 0 0 0 0 
2-00:00:03.3317836
0 0 0 0 0 0 99 0 0 
3-00:00:03.3317836
7 0 0 0 0 0 0 0 0 
4-00:00:03.3317836
69 0 0 0 0 0 0 0 0 
5-00:00:03.3317836
69 0 0 0 0 0 0 0 0 
0-00:00:03.3759743
69 0 0 0 0 0 0 0 0 
1-00:00:03.3759743
69 0 0 0 0 0 0 0 0 
2-00:00:03.3759743
0 0 0 0 0 0 99 0 0 
3-00:00:03.3759743
7 0 0 0 0 0 0 0 0 
4-00:00:03.3759743
69 0 0 0 0 0 0 0 0 
5-00:00:03.3759743
69 0 0 0 0 0 0 0 0 
0-00:00:03.4138071
69 0 0 0 0 0 0 0 0 
1-00:00:03.4138071
69 0 0 0 0 0 0 0 0 
2-00:00:03.4138071
0 0 0 0 0 0 99 0 0 
3-00:00:03.4138071
7 0 0 0 0 0 0 0 0 
4-00:00:03.4138071
69 0 0 0 0 0 0 0 0 
5-00:00:03.4138071
69 0 0 0 0 0 0 0 0 
0-00:00:03.4551743
69 0 0 0 0 0 0 0 0 
1-00:00:03.4551743
69 0 0 0 0 0 0 0 0 
2-00:00:03.4551743
0 0 0 0 0 0 0 0 0 
3-00:00:03.4551743
7 0 0 0 0 0 0 0 0 
4-00:00:03.4551743
69 0 0 0 0 0 0 0 0 
5-00:00:03.4551743
69 0 0 0 0 0 0 0 0 
0-00:00:03.4852133
69 0 0 0 0 0 0 0 0 
1-00:00:03.4852133
69 0 0 0 0 0 0 0 0 
2-00:00:03.4852133
0 0 0 0 0 0 0 0 0 
3-00:00:03.4852133
7 0 0 0 0 0 0 0 0 
4-00:00:03.4852133
69 0 0 0 0 0 0 0 0 
5-00:00:03.4852133
69 0 0 0 0 0 0 0 0 
0-00:00:03.5307364
69 0 0 0 0 0 0 0 0 
1-00:00:03.5307364
69 0 0 0 0 0 0 0 0 
2-00:00:03.5307364
0 0 0 0 0 0 0 0 0 
3-00:00:03.5307364
7 0 0 0 0 0 0 0 0 
4-00:00:03.5307364
69 0 0 0 0 0 0 0 0 
5-00:00:03.5307364
69 0 0 0 0 0 0 0 0 
0-00:00:03.5627674
69 0 0 0 0 0 0 0 0 
1-00:00:03.5627674
69 0 0 0 0 0 0 0 0 
2-00:00:03.5627674
0 0 0 0 0 0 0 0 0 
3-00:00:03.5627674
7 0 0 0 0 0 0 0 0 
4-00:00:03.5627674
102 0 0 0 0 0 0 0 0 
5-00:00:03.5627674
69 0 0 0 0 0 0 0 0 
0-00:00:03.5882309
69 0 0 0 0 0 0 0 0 
1-00:00:03.5882309
69 0 0 0 0 0 0 0 0 
2-00:00:03.5882309
0 0 0 0 0 0 0 0 0 
3-00:00:03.5882309
7 0 0 0 0 0 0 0 0 
4-00:00:03.5882309
46 0 0 0 0 0 0 0 0 
5-00:00:03.5882309
69 0 0 0 0 0 0 0 0 
0-00:00:03.6242667
69 0 0 0 0 0 0 0 0 
1-00:00:03.6242667
69 0 0 0 0 0 0 0 0 
2-00:00:03.6242667
0 0 0 0 0 0 0 0 0 
3-00:00:03.6242667
7 0 0 0 0 0 0 0 0 
4-00:00:03.6242667
46 0 0 0 0 0 0 0 0 
5-00:00:03.6242667
69 0 0 0 0 0 0 0 0 
0-00:00:03.6622040
69 0 0 0 0 0 0 0 0 
1-00:00:03.6622040
69 0 0 0 0 0 0 0 0 
2-00:00:03.6622040
69 0 0 0 0 0 0 0 0 
3-00:00:03.6622040
36 0 0 0 0 0 0 0 0 
4-00:00:03.6622040
2 0 0 0 0 0 0 0 0 
5-00:00:03.6622040
69 0 0 0 0 0 0 0 0 
0-00:00:03.7192950
69 0 0 0 0 0 0 0 0 
1-00:00:03.7192950
69 0 0 0 0 0 0 0 0 
2-00:00:03.7192950
69 0 0 0 0 0 0 0 0 
3-00:00:03.7192950
36 0 0 0 0 0 0 0 0 
4-00:00:03.7192950
8 0 0 0 0 0 0 0 0 
5-00:00:03.7192950
69 0 0 0 0 0 0 0 0 
0-00:00:03.7533273
69 0 0 0 0 0 0 0 0 
1-00:00:03.7533273
69 0 0 0 0 0 0 0 0 
2-00:00:03.7533273
68 0 0 0 0 0 0 0 0 
3-00:00:03.7533273
69 0 0 0 0 0 0 0 0 
4-00:00:03.7533273
0 0 0 0 0 0 0 0 0 
5-00:00:03.7533273
69 0 0 0 0 0 0 0 0 
0-00:00:03.7973635
69 0 0 0 0 0 0 0 0 
1-00:00:03.7973635
69 0 0 0 0 0 0 0 0 
2-00:00:03.7973635
23 0 0 0 0 0 0 0 0 
3-00:00:03.7973635
69 0 0 0 0 0 0 0 0 
4-00:00:03.7973635
0 0 0 0 0 0 0 0 0 
5-00:00:03.7973635
69 0 0 0 0 0 0 0 0 
0-00:00:03.8298785
69 0 0 0 0 0 0 0 0 
1-00:00:03.8298785
69 0 0 0 0 0 0 0 0 
2-00:00:03.8298785
68 0 0 0 0 0 0 0 0 
3-00:00:03.8298785
69 0 0 0 0 0 0 0 0 
4-00:00:03.8298785
0 0 0 0 0 0 0 0 0 
5-00:00:03.8298785
69 0 0 0 0 0 0 0 0 
0-00:00:03.8642063
69 0 0 0 0 0 0 0 0 
1-00:00:03.8642063
69 0 0 0 0 0 0 0 0 
2-00:00:03.8642063
68 0 0 0 0 0 0 0 0 
3-00:00:03.8642063
69 0 0 0 0 0 0 0 0 
4-00:00:03.8642063
0 0 0 0 0 0 0 0 0 
5-00:00:03.8642063
69 0 0 0 0 0 0 0 0 
0-00:00:03.8953142
69 0 0 0 0 0 0 0 0 
1-00:00:03.8953142
69 0 0 0 0 0 0 0 0 
2-00:00:03.8953142
68 0 0 0 0 0 0 0 0 
3-00:00:03.8953142
69 0 0 0 0 0 0 0 0 
4-00:00:03.8953142
0 0 0 0 0 0 0 0 0 
5-00:00:03.8953142
69 0 0 0 0 0 0 0 0 
0-00:00:03.9454748
69 0 0 0 0 0 0 0 0 
1-00:00:03.9454748
69 0 0 0 0 0 0 0 0 
2-00:00:03.9454748
68 0 0 0 0 0 0 0 0 
3-00:00:03.9454748
69 0 0 0 0 0 0 0 0 
4-00:00:03.9454748
0 0 0 0 0 0 0 0 0 
5-00:00:03.9454748
69 0 0 0 0 0 0 0 0 
0-00:00:03.9910108
69 0 0 0 0 0 0 0 0 
1-00:00:03.9910108
69 0 0 0 0 0 0 0 0 
2-00:00:03.9910108
68 0 0 0 0 0 0 0 0 
3-00:00:03.9910108
63 0 0 0 0 0 0 0 0 
4-00:00:03.9910108
0 0 0 0 0 0 0 0 0 
5-00:00:03.9910108
69 0 0 0 0 0 0 0 0 
0-00:00:04.0222837
69 0 0 0 0 0 0 0 0 
1-00:00:04.0222837
69 0 0 0 0 0 0 0 0 
2-00:00:04.0222837
68 0 0 0 0 0 0 0 0 
3-00:00:04.0222837
18 99 0 0 0 0 0 0 0 
4-00:00:04.0222837
0 0 0 0 0 0 0 0 0 
5-00:00:04.0222837
69 0 0 0 0 0 0 0 0 
0-00:00:04.0536871
69 0 0 0 0 0 0 0 0 
1-00:00:04.0536871
69 0 0 0 0 0 0 0 0 
2-00:00:04.0536871
69 0 0 0 0 0 0 0 0 
3-00:00:04.0536871
18 99 0 0 0 0 0 0 0 
4-00:00:04.0536871
0 0 0 0 0 0 0 0 0 
5-00:00:04.0536871
69 0 0 0 0 0 0 0 0 
0-00:00:04.0940706
69 0 0 0 0 0 0 0 0 
1-00:00:04.0940706
69 0 0 0 0 0 0 0 0 
2-00:00:04.0940706
69 0 0 0 0 0 0 0 0 
3-00:00:04.0940706
0 99 0 0 0 0 0 0 0 
4-00:00:04.0940706
8 0 0 0 0 0 0 0 0 
5-00:00:04.0940706
69 0 0 0 0 0 0 0 0 
0-00:00:04.1224700
69 0 0 0 0 0 0 0 0 
1-00:00:04.1224700
69 0 0 0 0 0 0 0 0 
2-00:00:04.1224700
69 0 0 0 0 0 0 0 0 
3-00:00:04.1224700
0 99 0 0 0 0 0 0 0 
4-00:00:04.1224700
3 0 0 0 0 0 0 0 0 
5-00:00:04.1224700
69 0 0 0 0 0 0 0 0 
0-00:00:04.1766037
69 0 0 0 0 0 0 0 0 
1-00:00:04.1766037
69 0 0 0 0 0 0 0 0 
2-00:00:04.1766037
69 0 0 0 0 0 0 0 0 
3-00:00:04.1766037
0 99 0 0 0 0 0 0 0 
4-00:00:04.1766037
8 0 0 0 0 0 0 0 0 
5-00:00:04.1766037
69 0 0 0 0 0 0 0 0 
0-00:00:04.2295755
69 0 0 0 0 0 0 0 0 
1-00:00:04.2295755
69 0 0 0 0 0 0 0 0 
2-00:00:04.2295755
63 0 0 0 0 0 0 0 0 
3-00:00:04.2295755
0 99 0 0 0 0 0 0 0 
4-00:00:04.2295755
8 0 0 0 0 0 0 0 0 
5-00:00:04.2295755
69 0 0 0 0 0 0 0 0 
0-00:00:04.2576942
69 0 0 0 0 0 0 0 0 
1-00:00:04.2576942
69 0 0 0 0 0 0 0 0 
2-00:00:04.2576942
63 0 0 0 0 0 0 0 0 
3-00:00:04.2576942
0 99 0 0 0 0 0 0 0 
4-00:00:04.2576942
8 0 0 0 0 0 0 0 0 
5-00:00:04.2576942
69 0 0 0 0 0 0 0 0 
0-00:00:04.2950943
69 0 0 0 0 0 0 0 0 
1-00:00:04.2950943
69 0 0 0 0 0 0 0 0 
2-00:00:04.2950943
63 0 0 0 0 0 0 0 0 
3-00:00:04.2950943
0 99 0 0 0 0 0 0 0 
4-00:00:04.2950943
2 0 0 0 0 0 0 0 0 
5-00:00:04.2950943
69 0 0 0 0 0 0 0 0 
0-00:00:04.3534680
69 0 0 0 0 0 0 0 0 
1-00:00:04.3534680
69 0 0 0 0 0 0 0 0 
2-00:00:04.3534680
63 0 0 0 0 0 0 0 0 
3-00:00:04.3534680
0 99 0 0 0 0 0 0 0 
4-00:00:04.3534680
2 0 0 0 0 0 0 0 0 
5-00:00:04.3534680
69 0 0 0 0 0 0 0 0 
0-00:00:04.3865079
69 0 0 0 0 0 0 0 0 
1-00:00:04.3865079
69 0 0 0 0 0 0 0 0 
2-00:00:04.3865079
63 0 0 0 0 0 0 0 0 
3-00:00:04.3865079
0 99 0 0 0 0 0 0 0 
4-00:00:04.3865079
0 0 0 0 0 0 0 0 0 
5-00:00:04.3865079
69 0 0 0 0 0 0 0 0 
0-00:00:04.4313028
69 0 0 0 0 0 0 0 0 
1-00:00:04.4313028
69 0 0 0 0 0 0 0 0 
2-00:00:04.4313028
69 0 0 0 0 0 0 0 0 
3-00:00:04.4313028
0 99 0 0 0 0 0 0 0 
4-00:00:04.4313028
0 0 0 0 0 0 0 0 0 
5-00:00:04.4313028
69 0 0 0 0 0 0 0 0 
0-00:00:04.4838773
69 0 0 0 0 0 0 0 0 
1-00:00:04.4838773
69 0 0 0 0 0 0 0 0 
2-00:00:04.4838773
69 0 0 0 0 0 0 0 0 
3-00:00:04.4838773
0 99 0 0 0 0 0 0 0 
4-00:00:04.4838773
0 0 0 0 0 0 0 0 0 
5-00:00:04.4838773
69 0 0 0 0 0 0 0 0 
0-00:00:04.5267850
69 0 0 0 0 0 0 0 0 
1-00:00:04.5267850
69 0 0 0 0 0 0 0 0 
2-00:00:04.5267850
69 0 0 0 0 0 0 0 0 
3-00:00:04.5267850
0 99 0 0 0 0 0 0 0 
4-00:00:04.5267850
0 0 0 0 0 0 0 0 0 
5-00:00:04.5267850
69 0 0 0 0 0 0 0 0 
0-00:00:04.5947177
69 0 0 0 0 0 0 0 0 
1-00:00:04.5947177
69 0 0 0 0 0 0 0 0 
2-00:00:04.5947177
24 0 0 0 0 0 0 0 0 
3-00:00:04.5947177
0 99 0 0 0 0 0 0 0 
4-00:00:04.5947177
0 0 0 0 0 0 0 0 0 
5-00:00:04.5947177
69 0 0 0 0 0 0 0 0 
0-00:00:04.6248040
69 0 0 0 0 0 0 0 0 
1-00:00:04.6248040
69 0 0 0 0 0 0 0 0 
2-00:00:04.6248040
24 0 0 0 0 0 0 0 0 
3-00:00:04.6248040
1 99 0 0 0 0 0 0 0 
4-00:00:04.6248040
0 0 0 0 0 0 0 0 0 
5-00:00:04.6248040
69 0 0 0 0 0 0 0 0 
0-00:00:04.6782170
69 0 0 0 0 0 0 0 0 
1-00:00:04.6782170
69 0 0 0 0 0 0 0 0 
2-00:00:04.6782170
3 0 0 0 0 0 0 0 0 
3-00:00:04.6782170
1 99 0 0 0 0 0 0 0 
4-00:00:04.6782170
0 0 0 0 0 0 0 0 0 
5-00:00:04.6782170
69 0 0 0 0 0 0 0 0 
0-00:00:04.7230016
69 0 0 0 0 0 0 0 0 
1-00:00:04.7230016
69 0 0 0 0 0 0 0 0 
2-00:00:04.7230016
3 0 0 0 0 0 0 0 0 
3-00:00:04.7230016
2 99 0 0 0 0 0 0 0 
4-00:00:04.7230016
0 0 0 0 0 0 99 0 0 
5-00:00:04.7230016
69 0 0 0 0 0 0 0 0 
0-00:00:04.7534674
69 0 0 0 0 0 0 0 0 
1-00:00:04.7534674
69 0 0 0 0 0 0 0 0 
2-00:00:04.7534674
3 0 0 0 0 0 0 0 0 
3-00:00:04.7534674
2 99 0 0 0 0 0 0 0 
4-00:00:04.7534674
0 0 0 0 0 0 99 0 0 
5-00:00:04.7534674
69 0 0 0 0 0 0 0 0 
0-00:00:04.7965883
69 0 0 0 0 0 0 0 0 
1-00:00:04.7965883
69 0 0 0 0 0 0 0 0 
2-00:00:04.7965883
20 0 0 0 0 0 0 0 0 
3-00:00:04.7965883
2 99 0 0 0 0 0 0 0 
4-00:00:04.7965883
0 0 0 0 0 0 99 0 0 
5-00:00:04.7965883
69 0 0 0 0 0 0 0 0 
0-00:00:04.8508687
69 0 0 0 0 0 0 0 0 
1-00:00:04.8508687
69 0 0 0 0 0 0 0 0 
2-00:00:04.8508687
20 0 0 0 0 0 0 0 0 
3-00:00:04.8508687
1 99 0 0 0 0 0 0 0 
4-00:00:04.8508687
0 0 0 0 0 0 99 0 0 
5-00:00:04.8508687
69 0 0 0 0 0 0 0 0 
0-00:00:04.8858934
69 0 0 0 0 0 0 0 0 
1-00:00:04.8858934
69 0 0 0 0 0 0 0 0 
2-00:00:04.8858934
69 0 0 0 0 0 0 0 0 
3-00:00:04.8858934
1 99 0 0 0 0 0 0 0 
4-00:00:04.8858934
0 0 0 0 0 0 0 0 0 
5-00:00:04.8858934
69 0 0 0 0 0 0 0 0 
0-00:00:04.9433466
69 0 0 0 0 0 0 0 0 
1-00:00:04.9433466
69 0 0 0 0 0 0 0 0 
2-00:00:04.9433466
63 0 0 0 0 0 0 0 0 
3-00:00:04.9433466
1 99 0 0 0 0 0 0 0 
4-00:00:04.9433466
0 0 0 0 0 0 0 0 0 
5-00:00:04.9433466
69 0 0 0 0 0 0 0 0 
0-00:00:04.9907072
69 0 0 0 0 0 0 0 0 
1-00:00:04.9907072
69 0 0 0 0 0 0 0 0 
2-00:00:04.9907072
16 0 0 0 0 0 0 0 0 
3-00:00:04.9907072
1 99 0 0 0 0 0 0 0 
4-00:00:04.9907072
0 0 0 0 0 0 0 0 0 
5-00:00:04.9907072
69 0 0 0 0 0 0 0 0 
0-00:00:05.0290987
69 0 0 0 0 0 0 0 0 
1-00:00:05.0290987
69 0 0 0 0 0 0 0 0 
2-00:00:05.0290987
1 0 0 0 0 0 0 0 0 
3-00:00:05.0290987
1 99 0 0 0 0 0 0 0 
4-00:00:05.0290987
0 0 0 0 0 0 0 0 0 
5-00:00:05.0290987
69 0 0 0 0 0 0 0 0 
0-00:00:05.0932351
69 0 0 0 0 0 0 0 0 
1-00:00:05.0932351
69 0 0 0 0 0 0 0 0 
2-00:00:05.0932351
1 0 0 0 0 0 99 0 0 
3-00:00:05.0932351
1 99 0 0 0 0 0 0 0 
4-00:00:05.0932351
0 0 0 0 0 0 0 0 0 
5-00:00:05.0932351
69 0 0 0 0 0 0 0 0 
0-00:00:05.1498858
69 0 0 0 0 0 0 0 0 
1-00:00:05.1498858
69 0 0 0 0 0 0 0 0 
2-00:00:05.1498858
0 0 0 0 0 0 99 0 0 
3-00:00:05.1498858
2 99 0 0 0 0 0 0 0 
4-00:00:05.1498858
0 0 0 0 0 0 0 0 0 
5-00:00:05.1498858
69 0 0 0 0 0 0 0 0 
0-00:00:05.1888080
69 0 0 0 0 0 0 0 0 
1-00:00:05.1888080
69 0 0 0 0 0 0 0 0 
2-00:00:05.1888080
0 0 0 0 0 0 99 0 0 
3-00:00:05.1888080
2 99 0 0 0 0 0 0 0 
4-00:00:05.1888080
0 0 0 0 0 0 0 0 0 
5-00:00:05.1888080
69 0 0 0 0 0 0 0 0 
0-00:00:05.2508214
69 0 0 0 0 0 0 0 0 
1-00:00:05.2508214
69 0 0 0 0 0 0 0 0 
2-00:00:05.2508214
0 0 0 0 0 0 99 0 0 
3-00:00:05.2508214
2 99 0 0 0 0 0 0 0 
4-00:00:05.2508214
2 0 0 0 0 0 0 0 0 
5-00:00:05.2508214
69 0 0 0 0 0 0 0 0 
0-00:00:05.2878146
69 0 0 0 0 0 0 0 0 
1-00:00:05.2878146
69 0 0 0 0 0 0 0 0 
2-00:00:05.2878146
0 0 0 0 0 0 99 0 0 
3-00:00:05.2878146
2 99 0 0 0 0 0 0 0 
4-00:00:05.2878146
2 0 0 0 0 0 0 0 0 
5-00:00:05.2878146
69 0 0 0 0 0 0 0 0 
0-00:00:05.3299901
69 0 0 0 0 0 0 0 0 
1-00:00:05.3299901
69 0 0 0 0 0 0 0 0 
2-00:00:05.3299901
0 0 0 0 0 0 0 0 0 
3-00:00:05.3299901
1 99 0 0 0 0 0 0 0 
4-00:00:05.3299901
2 0 0 0 0 0 0 0 0 
5-00:00:05.3299901
69 0 0 0 0 0 0 0 0 
0-00:00:05.4217841
69 0 0 0 0 0 0 0 0 
1-00:00:05.4217841
69 0 0 0 0 0 0 0 0 
2-00:00:05.4217841
3 0 0 0 0 0 0 0 0 
3-00:00:05.4217841
1 99 0 0 0 0 0 0 0 
4-00:00:05.4217841
2 0 0 0 0 0 0 0 0 
5-00:00:05.4217841
69 0 0 0 0 0 0 0 0 
0-00:00:05.4978916
69 0 0 0 0 0 0 0 0 
1-00:00:05.4978916
69 0 0 0 0 0 0 0 0 
2-00:00:05.4978916
3 0 0 0 0 0 0 0 0 
3-00:00:05.4978916
1 99 0 0 0 0 0 0 0 
4-00:00:05.4978916
2 0 0 0 0 0 0 0 0 
5-00:00:05.4978916
69 0 0 0 0 0 0 0 0 
0-00:00:05.5804248
69 0 0 0 0 0 0 0 0 
1-00:00:05.5804248
69 0 0 0 0 0 0 0 0 
2-00:00:05.5804248
3 0 0 0 0 0 0 0 0 
3-00:00:05.5804248
1 99 0 0 0 0 0 0 0 
4-00:00:05.5804248
2 0 0 0 0 0 0 0 0 
5-00:00:05.5804248
69 0 0 0 0 0 0 0 0 
0-00:00:05.6496456
69 0 0 0 0 0 0 0 0 
1-00:00:05.6496456
69 0 0 0 0 0 0 0 0 
2-00:00:05.6496456
3 0 0 0 0 0 0 0 0 
3-00:00:05.6496456
2 99 0 0 0 0 0 0 0 
4-00:00:05.6496456
2 0 0 0 0 0 0 0 0 
5-00:00:05.6496456
69 0 0 0 0 0 0 0 0 
0-00:00:05.6873514
69 0 0 0 0 0 0 0 0 
1-00:00:05.6873514
69 0 0 0 0 0 0 0 0 
2-00:00:05.6873514
3 0 0 0 0 0 0 0 0 
3-00:00:05.6873514
2 99 0 0 0 0 0 0 0 
4-00:00:05.6873514
2 0 0 0 0 0 0 0 0 
5-00:00:05.6873514
69 0 0 0 0 0 0 0 0 
0-00:00:05.7495436
69 0 0 0 0 0 0 0 0 
1-00:00:05.7495436
69 0 0 0 0 0 0 0 0 
2-00:00:05.7495436
3 0 0 0 0 0 0 0 0 
