   0.000    0.000    0.000    0.000    0.767    0.000    0.000    0.000    0.167    0.000    0.000    0.000    0.000    0.000    0.000    0.000    0.000    0.000    0.000
   0.000    0.000    0.000    0.000    0.905    0.000    0.000    0.000    0.231    0.000    0.000    0.000    0.000    0.000    0.000    0.000    0.000    0.000    0.000
   0.000    0.000    0.000    0.000    0.905    0.000    0.000    0.000    0.231    0.000    0.000    0.000    0.000    0.000    0.000    0.000    0.000    0.000    0.000
   0.000    0.198    0.000    0.000    1.000    0.000    0.259    0.000    0.803    0.000    0.000    0.000    0.000    0.000    0.000    0.000    0.000    0.000    0.000
   0.000    0.198    0.000    0.000    1.000    0.000    0.259    0.000    0.803    0.000    0.000    0.000    0.000    0.000    0.000    0.000    0.000    0.000    0.000
   0.000    0.198    0.000    0.000    1.000    0.000    0.259    0.000    0.803    0.000    0.000    0.000    0.000    0.000    0.000    0.000    0.000    0.000    0.000
   0.000    0.000    0.000    0.000    1.000    0.000    0.455    0.000    0.909    0.000    0.000    0.000    0.000    0.000    0.000    0.000    0.000    0.000    0.000
   0.000    0.000    0.000    0.000    1.000    0.000    0.455    0.000    0.909    0.000    0.000    0.000    0.000    0.000    0.000    0.000    0.000    0.000    0.000
   0.000    0.000    0.000    0.000    1.000    0.000    0.201    0.000    0.575    0.000    0.000    0.000    0.000    0.000    0.000    0.000    0.000    0.000    0.000
   0.000    0.000    0.000    0.000    1.000    0.000    0.190    0.000    0.635    0.000    0.000    0.000    0.000    0.000    0.000    0.000    0.000    0.000    0.000
   0.000    0.000    0.000    0.000    1.000    0.000    0.155    0.000    0.642    0.000    0.000    0.000    0.000    0.000    0.000    0.000    0.000    0.000    0.000
   0.000    0.000    0.000    0.000    1.000    0.000    0.206    0.000    0.708    0.000    0.000    0.000    0.000    0.000    0.000    0.000    0.000    0.000    0.000
   0.000    0.000    0.000    0.000    1.000    0.000    0.169    0.000    0.760    0.000    0.000    0.000    0.000    0.000    0.000    0.000    0.000    0.000    0.000
   0.000    0.000    0.000    0.000    1.000    0.000    0.277    0.000    0.810    0.000    0.000    0.000    0.000    0.000    0.000    0.000    0.000    0.000    0.000
   0.000    0.000    0.000    0.000    1.000    0.000    0.342    0.000    0.857    0.000    0.000    0.000    0.000    0.000    0.000    0.000    0.000    0.000    0.000
   0.000    0.000    0.000    0.000    1.000    0.000    0.417    0.000    0.884    0.000    0.000    0.000    0.000    0.000    0.000    0.000    0.000    0.000    0.000
   0.000    0.000    0.000    0.000    1.000    0.000    0.410    0.000    0.878    0.000    0.000    0.000    0.000    0.000    0.000    0.000    0.000    0.000    0.000
   0.000    0.000    0.000    0.000    1.000    0.000    0.455    0.000    0.909    0.000    0.000    0.000    0.000    0.000    0.000    0.000    0.000    0.000    0.000
   0.000    0.000    0.000    0.000    1.000    0.000    0.403    0.000    0.921    0.000    0.000    0.000    0.000    0.000    0.000    0.000    0.000    0.000    0.000
   0.000    0.000    0.000    0.000    1.000    0.000    0.388    0.000    0.876    0.000    0.000    0.000    0.000    0.000    0.000    0.000    0.000    0.000    0.000
   0.000    0.000    0.000    0.000    1.000    0.000    0.285    0.000    0.841    0.000    0.000    0.000    0.000    0.000    0.000    0.000    0.000    0.000    0.000
   0.000    0.198    0.000    0.000    1.000    0.000    0.259    0.000    0.803    0.000    0.000    0.000    0.000    0.000    0.000    0.000    0.000    0.000    0.000
   0.000    0.306    0.000    0.000    1.000    0.000    0.240    0.000    0.773    0.000    0.000    0.000    0.000    0.000    0.000    0.000    0.000    0.000    0.000
   0.000    0.405    0.000    0.000    1.000    0.000    0.366    0.000    0.793    0.000    0.000    0.000    0.000    0.000    0.000    0.000    0.000    0.000    0.000
   0.000    0.313    0.000    0.000    1.000    0.000    0.300    0.000    0.877    0.000    0.000    0.000    0.000    0.000    0.000    0.000    0.000    0.000    0.000
   0.000    0.207    0.000    0.000    1.000    0.000    0.302    0.000    0.866    0.000    0.000    0.000    0.000    0.000    0.000    0.000    0.000    0.000    0.000
   0.000    0.000    0.000    0.000    1.000    0.000    0.304    0.000    0.835    0.000    0.000    0.000    0.000    0.000    0.000    0.000    0.000    0.000    0.000
   0.000    0.000    0.000    0.000    1.000    0.000    0.316    0.000    0.751    0.000    0.000    0.000    0.000    0.000    0.000    0.000    0.000    0.000    0.000
   0.000    0.000    0.000    0.000    1.000    0.000    0.287    0.000    0.684    0.000    0.000    0.000    0.000    0.000    0.000    0.000    0.000    0.000    0.000
   0.000    0.000    0.000    0.000    1.000    0.000    0.338    0.000    0.621    0.000    0.000    0.000    0.000    0.000    0.000    0.000    0.000    0.000    0.000
   0.000    0.000    0.000    0.000    1.000    0.000    0.334    0.000    0.536    0.000    0.000    0.000    0.000    0.000    0.000    0.000    0.000    0.000    0.000
   0.000    0.000    0.000    0.000    1.000    0.000    0.315    0.000    0.457    0.000    0.000    0.000    0.000    0.000    0.000    0.000    0.000    0.000    0.000
   0.000    0.000    0.000    0.000    1.000    0.000    0.336    0.000    0.446    0.000    0.000    0.000    0.000    0.000    0.000    0.000    0.000    0.000    0.000
   0.000    0.000    0.000    0.000    1.000    0.000    0.455    0.000    0.909    0.000    0.000    0.000    0.000    0.000    0.000    0.000    0.000    0.000    0.000
   0.000    0.000    0.000    0.000    1.000    0.000    0.342    0.000    0.556    0.000    0.000    0.000    0.000    0.000    0.000    0.000    0.000    0.000    0.000
   0.000    0.000    0.000    0.000    1.000    0.000    0.356    0.000    0.653    0.000    0.000    0.000    0.000    0.000    0.000    0.000    0.000    0.000    0.000
   0.000    0.179    0.000    0.000    1.000    0.000    0.330    0.000    0.748    0.000    0.000    0.000    0.000    0.000    0.000    0.000    0.000    0.000    0.000
   0.000    0.186    0.000    0.000    1.000    0.000    0.351    0.000    0.792    0.000    0.000    0.000    0.000    0.000    0.000    0.000    0.000    0.000    0.000
   0.000    0.245    0.000    0.000    1.000    0.000    0.358    0.000    0.763    0.000    0.000    0.000    0.000    0.000    0.000    0.000    0.000    0.000    0.000
   0.000    0.293    0.000    0.000    1.000    0.000    0.398    0.000    0.806    0.000    0.000    0.000    0.000    0.000    0.000    0.000    0.000    0.000    0.000
   0.000    0.345    0.000    0.000    1.000    0.000    0.379    0.000    0.835    0.000    0.000    0.000    0.000    0.000    0.000    0.000    0.000    0.000    0.000
   0.000    0.360    0.000    0.000    1.000    0.000    0.386    0.000    0.829    0.000    0.000    0.000    0.000    0.000    0.000    0.000    0.000    0.000    0.000
   0.000    0.339    0.000    0.000    1.000    0.000    0.394    0.000    0.769    0.000    0.000    0.000    0.000    0.000    0.000    0.000    0.000    0.000    0.000
   0.000    0.305    0.000    0.000    1.000    0.000    0.347    0.000    0.730    0.000    0.000    0.000    0.000    0.000    0.000    0.000    0.000    0.000    0.000
   0.000    0.337    0.000    0.000    1.000    0.000    0.327    0.000    0.747    0.000    0.000    0.000    0.000    0.000    0.000    0.000    0.000    0.000    0.000
   0.000    0.418    0.000    0.000    1.000    0.000    0.353    0.000    0.763    0.000    0.000    0.000    0.000    0.000    0.000    0.000    0.000    0.000    0.000
   0.000    0.435    0.000    0.000    1.000    0.000    0.366    0.000    0.809    0.000    0.000    0.000    0.000    0.000    0.000    0.000    0.000    0.000    0.000
   0.000    0.479    0.000    0.000    1.000    0.000    0.388    0.000    0.835    0.000    0.000    0.000    0.000    0.000    0.000    0.000    0.000    0.000    0.000
   0.000    0.462    0.000    0.000    1.000    0.000    0.456    0.000    0.866    0.000    0.000    0.000    0.000    0.000    0.000    0.000    0.000    0.000    0.000
   0.000    0.531    0.000    0.000    1.000    0.000    0.490    0.000    0.935    0.000    0.000    0.000    0.000    0.000    0.000    0.000    0.000    0.000    0.000
   0.000    0.502    0.000    0.000    1.000    0.000    0.435    0.000    1.000    0.000    0.000    0.000    0.000    0.000    0.000    0.000    0.000    0.000    0.000
   0.000    0.528    0.000    0.000    1.000    0.000    0.408    0.000    1.000    0.000    0.000    0.000    0.000    0.000    0.000    0.000    0.000    0.000    0.000
   0.000    0.473    0.000    0.000    1.000    0.000    0.396    0.000    1.000    0.000    0.000    0.000    0.000    0.000    0.000    0.000    0.000    0.000    0.000
   0.000    0.385    0.000    0.000    1.000    0.000    0.340    0.000    1.000    0.000    0.000    0.000    0.000    0.000    0.000    0.000    0.000    0.000    0.000
   0.000    0.373    0.000    0.000    1.000    0.000    0.269    0.000    1.000    0.000    0.000    0.000    0.000    0.000    0.000    0.000    0.000    0.000    0.000
   0.000    0.297    0.000    0.000    1.000    0.000    0.288    0.000    1.000    0.000    0.000    0.000    0.000    0.000    0.000    0.000    0.000    0.000    0.000
   0.000    0.250    0.000    0.000    0.698    0.000    0.233    0.000    1.000    0.000    0.000    0.000    0.000    0.000    0.000    0.000    0.000    0.000    0.000
   0.000    0.271    0.000    0.000    0.696    0.000    0.208    0.000    1.000    0.000    0.000    0.000    0.000    0.000    0.000    0.000    0.000    0.000    0.000
   0.000    0.213    0.000    0.000    0.654    0.000    0.225    0.000    1.000    0.000    0.000    0.000    0.000    0.000    0.000    0.000    0.000    0.000    0.000
   0.000    0.184    0.000    0.000    0.822    0.000    0.229    0.000    1.000    0.000    0.000    0.000    0.000    0.000    0.000    0.000    0.000    0.000    0.000
   0.000    0.184    0.000    0.000    0.822    0.000    0.229    0.000    1.000    0.000    0.000    0.000    0.000    0.000    0.000    0.000    0.000    0.000    0.000
   0.000    0.199    0.000    0.000    1.000    0.000    0.227    0.000    1.000    0.000    0.000    0.000    0.000    0.000    0.000    0.000    0.000    0.000    0.000
   0.000    0.153    0.000    0.000    1.000    0.000    0.290    0.000    1.000    0.000    0.000    0.000    0.000    0.000    0.000    0.000    0.000    0.000    0.000
   0.000    0.167    0.000    0.000    1.000    0.000    0.302    0.000    1.000    0.000    0.000    0.000    0.000    0.000    0.000    0.000    0.000    0.000    0.000
   0.000    0.293    0.000    0.000    1.000    0.000    0.359    0.000    1.000    0.000    0.000    0.000    0.000    0.000    0.000    0.000    0.000    0.000    0.000
   0.000    0.390    0.000    0.000    1.000    0.000    0.408    0.000    1.000    0.000    0.000    0.000    0.000    0.000    0.000    0.000    0.000    0.000    0.000
   0.000    0.403    0.000    0.000    1.000    0.000    0.366    0.000    1.000    0.000    0.000    0.000    0.000    0.000    0.000    0.000    0.000    0.000    0.000
   0.000    0.460    0.000    0.000    1.000    0.000    0.394    0.000    1.000    0.000    0.000    0.000    0.000    0.000    0.000    0.000    0.000    0.000    0.000
   0.000    0.504    0.000    0.000    1.000    0.000    0.415    0.000    1.000    0.000    0.000    0.000    0.000    0.000    0.000    0.000    0.000    0.000    0.000
   0.000    0.530    0.000    0.000    1.000    0.000    0.390    0.000    1.000    0.000    0.000    0.000    0.000    0.000    0.000    0.000    0.000    0.000    0.000
   0.000    0.212    0.000    0.000    0.000    0.700    0.582    0.000    0.966    0.000    0.000    0.000    0.000    0.000    0.000    0.000    0.000    0.000    0.000
   0.000    0.212    0.000    0.000    0.000    1.000    0.617    0.000    1.000    0.000    0.000    0.000    0.000    0.000    0.000    0.000    0.000    0.000    0.000
   0.000    0.214    0.000    0.000    0.000    1.000    0.541    0.000    1.000    0.000    0.000    0.000    0.000    0.000    0.000    0.000    0.000    0.000    0.000
   0.000    0.169    0.000    0.000    0.000    1.000    0.479    0.000    1.000    0.000    0.000    0.000    0.000    0.000    0.000    0.000    0.000    0.000    0.000
   0.000    0.000    0.000    0.000    0.000    1.000    0.482    0.000    0.928    0.000    0.000    0.000    0.000    0.000    0.000    0.000    0.000    0.000    0.000
   0.000    0.000    0.000    0.000    0.000    1.000    0.392    0.000    0.790    0.000    0.000    0.000    0.000    0.000    0.000    0.000    0.000    0.000    0.000
   0.000    0.000    0.000    0.000    0.000    1.000    0.361    0.000    0.690    0.000    0.000    0.000    0.000    0.000    0.000    0.000    0.000    0.000    0.000
   0.000    0.000    0.000    0.000    0.000    1.000    0.414    0.000    0.577    0.000    0.000    0.000    0.000    0.000    0.000    0.000    0.000    0.000    0.000
   0.000    0.000    0.000    0.000    0.000    1.000    0.378    0.000    0.631    0.000    0.000    0.000    0.000    0.000    0.000    0.000    0.000    0.000    0.000
   0.000    0.000    0.000    0.000    0.000    1.000    0.385    0.000    0.641    0.000    0.000    0.000    0.000    0.000    0.000    0.000    0.000    0.000    0.000
   0.000    0.000    0.000    0.000    0.000    1.000    0.360    0.000    0.650    0.000    0.000    0.000    0.000    0.000    0.000    0.000    0.000    0.000    0.000
   0.000    0.000    0.000    0.000    0.000    1.000    0.349    0.000    0.684    0.000    0.000    0.000    0.000    0.000    0.000    0.000    0.000    0.000    0.000
   0.000    0.000    0.000    0.000    0.000    1.000    0.373    0.000    0.716    0.000    0.000    0.000    0.000    0.000    0.000    0.000    0.000    0.000    0.000
   0.000    0.000    0.000    0.000    0.000    1.000    0.387    0.000    0.734    0.000    0.000    0.000    0.000    0.000    0.000    0.000    0.000    0.000    0.000
   0.000    0.000    0.000    0.000    0.000    1.000    0.414    0.000    0.754    0.000    0.000    0.000    0.000    0.000    0.000    0.000    0.000    0.000    0.000
   0.000    0.000    0.000    0.000    0.000    1.000    0.448    0.000    0.671    0.000    0.000    0.000    0.000    0.000    0.000    0.000    0.000    0.000    0.000
   0.000    0.000    0.000    0.000    0.000    1.000    0.448    0.000    0.671    0.000    0.000    0.000    0.000    0.000    0.000    0.000    0.000    0.000    0.000
   0.000    0.000    0.000    0.000    0.000    1.000    0.434    0.000    0.667    0.000    0.000    0.000    0.000    0.000    0.000    0.000    0.000    0.000    0.000
   0.000    0.000    0.000    0.000    0.000    1.000    0.417    0.000    0.675    0.000    0.000    0.000    0.000    0.000    0.000    0.000    0.000    0.000    0.000
   0.000    0.000    0.000    0.000    0.000    1.000    0.396    0.000    0.696    0.000    0.000    0.000    0.000    0.000    0.000    0.000    0.000    0.000    0.000
   0.000    0.000    0.000    0.000    0.000    1.000    0.378    0.000    0.680    0.000    0.000    0.000    0.000    0.000    0.000    0.000    0.000    0.000    0.000
   0.000    0.000    0.000    0.000    0.000    1.000    0.372    0.000    0.702    0.000    0.000    0.000    0.000    0.000    0.000    0.000    0.000    0.000    0.000
   0.000    0.000    0.000    0.000    0.000    1.000    0.366    0.000    0.738    0.000    0.000    0.000    0.000    0.000    0.000    0.000    0.000    0.000    0.000
   0.000    0.000    0.000    0.000    0.000    1.000    0.357    0.000    0.785    0.000    0.000    0.000    0.000    0.000    0.000    0.000    0.000    0.000    0.000
   0.000    0.000    0.000    0.000    0.000    1.000    0.367    0.000    0.781    0.000    0.000    0.000    0.000    0.000    0.000    0.000    0.000    0.000    0.000
   0.000    0.000    0.000    0.000    0.000    1.000    0.375    0.000    0.831    0.000    0.000    0.000    0.000    0.000    0.000    0.000    0.000    0.000    0.000
   0.000    0.000    0.000    0.000    0.000    1.000    0.379    0.000    0.837    0.000    0.000    0.000    0.000    0.000    0.000    0.000    0.000    0.000    0.000
   0.000    0.000    0.000    0.000    0.000    1.000    0.362    0.000    0.833    0.000    0.000    0.000    0.000    0.000    0.000    0.000    0.000    0.000    0.000
   0.000    0.000    0.000    0.000    0.000    1.000    0.350    0.000    0.823    0.000    0.000    0.000    0.000    0.000    0.000    0.000    0.000    0.000    0.000
   0.000    0.000    0.000    0.000    0.000    1.000    0.343    0.000    0.811    0.000    0.000    0.000    0.000    0.000    0.000    0.000    0.000    0.000    0.000
   0.000    0.000    0.000    0.000    0.000    1.000    0.290    0.000    0.821    0.000    0.000    0.000    0.000    0.000    0.000    0.000    0.000    0.000    0.000
   0.000    0.000    0.000    0.000    0.000    1.000    0.232    0.000    0.864    0.000    0.000    0.000    0.000    0.000    0.000    0.000    0.000    0.000    0.000
   0.000    0.000    0.000    0.000    0.000    1.000    0.225    0.000    0.902    0.000    0.000    0.000    0.000    0.000    0.000    0.000    0.000    0.000    0.000
   0.000    0.000    0.000    0.000    0.000    1.000    0.202    0.000    0.930    0.000    0.000    0.000    0.000    0.000    0.000    0.000    0.000    0.000    0.000
   0.000    0.000    0.000    0.000    0.000    1.000    0.226    0.000    0.961    0.000    0.000    0.000    0.000    0.000    0.000    0.000    0.000    0.000    0.000
   0.000    0.000    0.000    0.000    0.000    1.000    0.266    0.000    0.949    0.000    0.000    0.000    0.000    0.000    0.000    0.000    0.000    0.000    0.000
   0.000    0.000    0.000    0.000    0.000    1.000    0.280    0.000    0.913    0.000    0.000    0.000    0.000    0.000    0.000    0.000    0.000    0.000    0.000
   0.000    0.000    0.000    0.000    0.000    1.000    0.286    0.000    0.866    0.000    0.000    0.000    0.000    0.000    0.000    0.000    0.000    0.000    0.000
   0.000    0.000    0.000    0.000    0.000    1.000    0.324    0.000    0.826    0.000    0.000    0.000    0.000    0.000    0.000    0.000    0.000    0.000    0.000
   0.000    0.000    0.000    0.000    0.000    1.000    0.297    0.000    0.737    0.000    0.000    0.000    0.000    0.000    0.000    0.000    0.000    0.000    0.000
   0.000    0.000    0.000    0.000    0.000    1.000    0.323    0.000    0.682    0.000    0.000    0.000    0.000    0.000    0.000    0.000    0.000    0.000    0.000
   0.000    0.000    0.000    0.000    0.000    1.000    0.312    0.000    0.599    0.000    0.000    0.000    0.000    0.000    0.000    0.000    0.000    0.000    0.000
   0.000    0.000    0.000    0.000    0.000    1.000    0.345    0.000    0.570    0.000    0.000    0.000    0.000    0.000    0.000    0.000    0.000    0.000    0.000
   0.000    0.000    0.000    0.000    0.000    1.000    0.324    0.000    0.493    0.000    0.000    0.000    0.000    0.000    0.000    0.000    0.000    0.000    0.000
   0.000    0.000    0.000    0.000    0.000    1.000    0.390    0.000    0.468    0.000    0.000    0.000    0.000    0.000    0.000    0.000    0.000    0.000    0.000
   0.000    0.000    0.000    0.000    0.000    1.000    0.387    0.000    0.485    0.000    0.000    0.000    0.000    0.000    0.000    0.000    0.000    0.000    0.000
   0.000    0.000    0.000    0.000    0.000    1.000    0.388    0.000    0.509    0.000    0.000    0.000    0.000    0.000    0.000    0.000    0.000    0.000    0.000
   0.000    0.000    0.000    0.000    0.000    1.000    0.396    0.000    0.543    0.000    0.000    0.000    0.000    0.000    0.000    0.000    0.000    0.000    0.000
   0.000    0.000    0.000    0.000    0.000    1.000    0.381    0.000    0.580    0.000    0.000    0.000    0.000    0.000    0.000    0.000    0.000    0.000    0.000
   0.000    0.000    0.000    0.000    0.000    1.000    0.418    0.000    0.607    0.000    0.000    0.000    0.000    0.000    0.000    0.000    0.000    0.000    0.000
   0.000    0.000    0.000    0.000    0.000    1.000    0.442    0.000    0.681    0.000    0.000    0.000    0.000    0.000    0.000    0.000    0.000    0.000    0.000
   0.000    0.000    0.000    0.000    0.000    1.000    0.449    0.000    0.709    0.000    0.000    0.000    0.000    0.000    0.000    0.000    0.000    0.000    0.000
   0.000    0.000    0.000    0.000    0.000    1.000    0.457    0.000    0.720    0.000    0.000    0.000    0.000    0.000    0.000    0.000    0.000    0.000    0.000
   0.000    0.000    0.000    0.000    0.000    1.000    0.389    0.000    0.699    0.000    0.000    0.000    0.000    0.000    0.000    0.000    0.000    0.000    0.000
   0.000    0.000    0.000    0.000    0.000    1.000    0.309    0.000    0.662    0.000    0.000    0.000    0.000    0.000    0.000    0.000    0.000    0.000    0.000
   0.000    0.000    0.000    0.000    0.000    1.000    0.295    0.000    0.644    0.000    0.000    0.000    0.000    0.000    0.000    0.000    0.000    0.000    0.000
   0.000    0.174    0.000    0.000    0.000    1.000    0.311    0.000    0.631    0.000    0.000    0.000    0.000    0.000    0.000    0.000    0.000    0.000    0.000
   0.000    0.194    0.000    0.000    0.000    1.000    0.371    0.000    0.610    0.000    0.000    0.000    0.000    0.000    0.000    0.000    0.000    0.000    0.000
   0.000    0.175    0.000    0.000    0.000    1.000    0.420    0.000    0.611    0.000    0.000    0.000    0.000    0.000    0.000    0.000    0.000    0.000    0.000
   0.000    0.224    0.000    0.000    0.000    1.000    0.468    0.000    0.596    0.000    0.000    0.000    0.000    0.000    0.000    0.000    0.000    0.000    0.000
   0.000    0.251    0.000    0.000    0.000    1.000    0.491    0.000    0.606    0.000    0.000    0.000    0.000    0.000    0.000    0.000    0.000    0.000    0.000
   0.000    0.393    0.000    0.000    0.000    1.000    0.466    0.000    0.566    0.000    0.000    0.000    0.000    0.000    0.000    0.000    0.000    0.000    0.000
   0.000    0.237    0.000    0.000    0.000    1.000    0.367    0.000    0.488    0.000    0.000    0.000    0.000    0.000    0.000    0.000    0.000    0.000    0.000
   0.000    0.212    0.000    0.000    0.000    1.000    0.289    0.000    0.443    0.000    0.000    0.000    0.000    0.000    0.000    0.000    0.000    0.000    0.000
   0.000    0.207    0.000    0.000    0.000    1.000    0.257    0.000    0.413    0.000    0.000    0.000    0.000    0.000    0.000    0.000    0.000    0.000    0.000
   0.000    0.221    0.000    0.000    0.000    1.000    0.232    0.000    0.380    0.000    0.000    0.000    0.000    0.000    0.000    0.000    0.000    0.000    0.000
   0.000    0.174    0.000    0.000    0.000    1.000    0.241    0.000    0.378    0.000    0.000    0.000    0.000    0.000    0.000    0.000    0.000    0.000    0.000
   0.000    0.000    0.000    0.000    0.000    1.000    0.241    0.000    0.347    0.000    0.000    0.000    0.000    0.000    0.000    0.000    0.000    0.000    0.000
   0.000    0.000    0.000    0.000    0.000    1.000    0.247    0.000    0.372    0.000    0.000    0.000    0.000    0.000    0.000    0.000    0.000    0.000    0.000