0.000 0.000 0.000 0.000 0.000 0.000 0.230 0.000 0.162 0.572 0.000 0.000 0.000 0.000 0.887 0.000 0.000 0.000 0.000
0.000 0.000 0.000 0.000 0.000 0.000 0.231 0.000 0.000 0.483 0.000 0.000 0.000 0.000 1.000 0.000 0.000 0.000 0.000
0.000 0.000 0.000 0.000 0.000 0.000 0.174 0.000 0.000 0.406 0.000 0.000 0.000 0.000 1.000 0.000 0.000 0.000 0.000
0.000 0.000 0.000 0.000 0.000 0.000 0.000 0.000 0.000 0.405 0.000 0.000 0.000 0.000 1.000 0.000 0.000 0.000 0.000
0.000 0.000 0.000 0.000 0.155 0.000 0.000 0.000 0.000 0.419 0.000 0.337 0.000 0.000 1.000 0.000 0.000 0.000 0.000
0.000 0.000 0.000 0.000 0.210 0.000 0.000 0.000 0.000 0.447 0.000 0.455 0.000 0.000 1.000 0.000 0.000 0.000 0.000
0.000 0.000 0.000 0.000 0.265 0.000 0.000 0.000 0.000 0.452 0.000 0.579 0.000 0.000 1.000 0.000 0.000 0.000 0.000
0.000 0.000 0.000 0.000 0.329 0.000 0.000 0.000 0.000 0.548 0.000 0.614 0.000 0.000 1.000 0.000 0.000 0.000 0.000
0.000 0.000 0.000 0.000 0.365 0.000 0.000 0.000 0.000 0.648 0.000 0.614 0.000 0.000 1.000 0.000 0.000 0.000 0.000
0.000 0.000 0.000 0.000 0.362 0.000 0.000 0.000 0.000 0.686 0.000 0.593 0.000 0.000 1.000 0.000 0.000 0.000 0.000
0.000 0.000 0.000 0.000 0.362 0.000 0.000 0.000 0.000 0.686 0.000 0.593 0.000 0.000 1.000 0.000 0.000 0.000 0.000
0.000 0.000 0.000 0.000 0.310 0.000 0.000 0.000 0.000 0.699 0.000 0.488 0.000 0.000 1.000 0.000 0.000 0.000 0.000
0.000 0.000 0.000 0.000 0.260 0.000 0.000 0.000 0.000 0.655 0.000 0.384 0.000 0.000 1.000 0.000 0.000 0.000 0.000
0.000 0.000 0.000 0.000 0.230 0.000 0.000 0.000 0.000 0.564 0.000 0.278 0.000 0.000 1.000 0.000 0.000 0.000 0.000
0.000 0.000 0.000 0.000 0.201 0.000 0.000 0.000 0.000 0.448 0.000 0.160 0.000 0.000 1.000 0.000 0.000 0.000 0.000
0.000 0.000 0.000 0.000 0.157 0.000 0.000 0.000 0.000 0.347 0.000 0.160 0.000 0.000 1.000 0.000 0.000 0.000 0.000
0.000 0.000 0.000 0.000 0.000 0.000 0.000 0.000 0.000 0.226 0.000 0.160 0.000 0.000 1.000 0.000 0.000 0.000 0.000
0.000 0.000 0.000 0.000 0.000 0.000 0.000 0.000 0.000 0.000 0.000 0.160 0.000 0.000 1.000 0.000 0.000 0.000 0.000
0.000 0.000 0.000 0.000 0.000 0.000 0.000 0.000 0.000 0.000 0.000 0.160 0.000 0.000 1.000 0.000 0.000 0.000 0.000
0.000 0.000 0.000 0.000 0.000 0.000 0.000 0.000 0.000 0.000 0.000 0.160 0.000 0.000 1.000 0.000 0.000 0.000 0.000
0.000 0.000 0.000 0.000 0.000 0.000 0.000 0.000 0.000 0.000 0.000 0.160 0.000 0.000 1.000 0.000 0.000 0.000 0.000
0.000 0.000 0.000 0.000 0.000 0.000 0.000 0.000 0.000 0.000 0.000 0.160 0.000 0.000 1.000 0.000 0.000 0.000 0.000
0.000 0.000 0.000 0.000 0.000 0.000 0.000 0.000 0.000 0.000 0.000 0.160 0.000 0.000 1.000 0.000 0.000 0.000 0.000
0.000 0.000 0.000 0.000 0.000 0.000 0.000 0.000 0.000 0.000 0.000 0.160 0.000 0.000 1.000 0.000 0.000 0.000 0.000
0.000 0.000 0.000 0.000 0.000 0.000 0.000 0.000 0.000 0.000 0.000 0.160 0.000 0.000 1.000 0.000 0.000 0.000 0.000
0.000 0.000 0.000 0.000 0.000 0.000 0.000 0.000 0.000 0.000 0.000 0.160 0.000 0.000 1.000 0.000 0.000 0.000 0.000
0.000 0.000 0.000 0.000 0.000 0.000 0.000 0.000 0.000 0.000 0.000 0.160 0.000 0.000 1.000 0.000 0.000 0.000 0.000
0.000 0.000 0.000 0.000 0.000 0.000 0.000 0.000 0.000 0.000 0.000 0.160 0.000 0.000 1.000 0.000 0.000 0.000 0.000
0.000 0.000 0.000 0.000 0.000 0.000 0.000 0.000 0.000 0.000 0.000 0.160 0.000 0.000 1.000 0.000 0.000 0.000 0.000
0.000 0.000 0.000 0.000 0.000 0.000 0.000 0.000 0.000 0.000 0.000 0.160 0.000 0.000 1.000 0.000 0.000 0.000 0.000
0.000 0.000 0.000 0.000 0.000 0.000 0.000 0.000 0.000 0.000 0.000 0.160 0.000 0.000 1.000 0.000 0.000 0.000 0.000
0.000 0.000 0.000 0.000 0.000 0.000 0.000 0.000 0.000 0.000 0.000 0.160 0.000 0.000 1.000 0.000 0.000 0.000 0.000
0.000 0.000 0.000 0.000 0.000 0.000 0.000 0.000 0.000 0.000 0.000 0.160 0.000 0.000 1.000 0.000 0.000 0.000 0.000
0.000 0.000 0.000 0.000 0.000 0.000 0.000 0.000 0.000 0.000 0.000 0.160 0.000 0.000 1.000 0.000 0.000 0.000 0.000
0.000 0.000 0.000 0.000 0.000 0.000 0.000 0.000 0.000 0.000 0.000 0.160 0.000 0.000 1.000 0.000 0.000 0.000 0.000
0.000 0.000 0.000 0.000 0.000 0.000 0.000 0.000 0.000 0.000 0.000 0.160 0.000 0.000 1.000 0.000 0.000 0.000 0.000
0.000 0.000 0.000 0.000 0.000 0.000 0.000 0.000 0.000 0.000 0.000 0.160 0.000 0.000 1.000 0.000 0.000 0.000 0.000
0.000 0.000 0.000 0.000 0.000 0.000 0.000 0.000 0.000 0.000 0.000 0.160 0.000 0.000 1.000 0.000 0.000 0.000 0.000
0.000 0.000 0.000 0.000 0.000 0.000 0.000 0.000 0.000 0.000 0.000 0.160 0.000 0.000 1.000 0.000 0.000 0.000 0.000
0.000 0.000 0.000 0.000 0.000 0.000 0.000 0.000 0.000 0.000 0.000 0.160 0.000 0.000 1.000 0.000 0.000 0.000 0.000
0.000 0.000 0.000 0.000 0.000 0.000 0.000 0.000 0.000 0.000 0.000 0.160 0.000 0.000 1.000 0.000 0.000 0.000 0.000
0.000 0.000 0.000 0.000 0.000 0.000 0.000 0.000 0.000 0.185 0.000 0.160 0.000 0.000 1.000 0.000 0.000 0.000 0.000
0.000 0.000 0.000 0.000 0.000 0.000 0.000 0.160 0.000 0.190 0.000 0.160 0.000 0.000 1.000 0.000 0.000 0.000 0.000
0.000 0.000 0.000 0.000 0.000 0.000 0.000 0.151 0.000 0.155 0.000 0.160 0.000 0.000 1.000 0.000 0.000 0.000 0.000
0.000 0.000 0.000 0.000 0.000 0.000 0.000 0.151 0.000 0.198 0.000 0.160 0.000 0.000 1.000 0.000 0.000 0.000 0.000
0.000 0.000 0.000 0.000 0.000 0.000 0.000 0.151 0.000 0.231 0.000 0.160 0.000 0.000 1.000 0.000 0.000 0.000 0.000
0.000 0.000 0.000 0.000 0.000 0.000 0.000 0.151 0.000 0.258 0.000 0.160 0.000 0.000 1.000 0.000 0.000 0.000 0.000
0.000 0.000 0.000 0.000 0.182 0.000 0.000 0.000 0.000 0.232 0.000 0.160 0.000 0.000 1.000 0.000 0.000 0.000 0.000
0.000 0.000 0.000 0.000 0.245 0.000 0.000 0.000 0.000 0.224 0.000 0.160 0.000 0.000 1.000 0.000 0.000 0.000 0.000
0.000 0.000 0.000 0.000 0.304 0.000 0.000 0.000 0.000 0.161 0.000 0.160 0.000 0.000 1.000 0.000 0.000 0.000 0.000
0.000 0.000 0.000 0.000 0.346 0.000 0.000 0.000 0.000 0.000 0.000 0.160 0.000 0.000 1.000 0.000 0.000 0.000 0.000
0.000 0.000 0.000 0.000 0.390 0.000 0.000 0.000 0.000 0.000 0.000 0.160 0.000 0.000 1.000 0.000 0.000 0.000 0.000
0.000 0.000 0.000 0.000 0.439 0.000 0.000 0.000 0.000 0.000 0.000 0.160 0.000 0.000 1.000 0.000 0.000 0.000 0.000
0.000 0.000 0.000 0.000 0.444 0.000 0.000 0.000 0.000 0.000 0.000 0.160 0.000 0.000 1.000 0.000 0.000 0.000 0.000
0.000 0.000 0.000 0.000 0.433 0.000 0.000 0.000 0.000 0.000 0.000 0.160 0.000 0.000 1.000 0.000 0.000 0.000 0.000
0.000 0.000 0.000 0.000 0.413 0.000 0.000 0.000 0.000 0.000 0.000 0.160 0.000 0.000 1.000 0.000 0.000 0.000 0.000
0.000 0.000 0.000 0.000 0.345 0.000 0.000 0.000 0.000 0.000 0.000 0.160 0.000 0.000 1.000 0.000 0.000 0.000 0.000
0.000 0.000 0.000 0.000 0.291 0.000 0.000 0.000 0.000 0.000 0.000 0.160 0.000 0.000 1.000 0.000 0.000 0.000 0.000
0.000 0.000 0.000 0.000 0.251 0.000 0.000 0.000 0.000 0.000 0.000 0.160 0.000 0.000 1.000 0.000 0.000 0.000 0.000
0.000 0.000 0.000 0.000 0.176 0.000 0.000 0.000 0.000 0.000 0.000 0.160 0.000 0.000 1.000 0.000 0.000 0.000 0.000
0.000 0.000 0.000 0.000 0.000 0.000 0.000 0.000 0.000 0.000 0.000 0.160 0.000 0.000 1.000 0.000 0.000 0.000 0.000
0.000 0.000 0.000 0.000 0.000 0.000 0.000 0.000 0.000 0.000 0.000 0.160 0.000 0.000 1.000 0.000 0.000 0.000 0.000
0.000 0.000 0.000 0.000 0.000 0.000 0.000 0.000 0.000 0.000 0.000 0.160 0.000 0.000 1.000 0.000 0.000 0.000 0.000
0.000 0.000 0.000 0.000 0.000 0.000 0.000 0.000 0.000 0.000 0.000 0.160 0.000 0.000 1.000 0.000 0.000 0.000 0.000
0.000 0.000 0.000 0.000 0.000 0.000 0.000 0.000 0.000 0.000 0.000 0.160 0.000 0.000 1.000 0.000 0.000 0.000 0.000
0.000 0.000 0.000 0.000 0.000 0.000 0.000 0.000 0.000 0.000 0.000 0.160 0.000 0.000 1.000 0.000 0.000 0.000 0.000
0.000 0.000 0.000 0.000 0.000 0.000 0.000 0.000 0.000 0.000 0.000 0.160 0.000 0.000 1.000 0.000 0.000 0.000 0.000
0.000 0.000 0.000 0.000 0.000 0.000 0.000 0.000 0.000 0.000 0.000 0.160 0.000 0.000 1.000 0.000 0.000 0.000 0.000
0.000 0.000 0.000 0.000 0.000 0.000 0.000 0.000 0.000 0.000 0.000 0.160 0.000 0.000 1.000 0.000 0.000 0.000 0.000
0.000 0.000 0.000 0.000 0.000 0.000 0.000 0.000 0.000 0.000 0.000 0.160 0.000 0.000 1.000 0.000 0.000 0.000 0.000
0.000 1.000 0.000 0.000 0.000 0.000 0.702 0.000 0.000 0.000 0.000 0.000 0.000 0.000 0.000 1.000 0.000 0.000 0.000
0.000 1.000 0.000 0.000 0.000 0.000 0.793 0.000 0.000 0.000 0.000 0.000 0.000 0.000 0.000 1.000 0.000 0.000 0.000
0.000 1.000 0.000 0.000 0.000 0.000 0.702 0.000 0.000 0.000 0.000 0.000 0.000 0.000 0.000 1.000 0.000 0.000 0.000
0.000 1.000 0.000 0.000 0.000 0.000 0.702 0.000 0.000 0.000 0.000 0.000 0.000 0.000 0.000 1.000 0.000 0.000 0.000
0.000 1.000 0.000 0.000 0.000 0.000 0.702 0.000 0.000 0.000 0.000 0.000 0.000 0.000 0.000 1.000 0.000 0.000 0.000
0.000 1.000 0.000 0.000 0.000 0.000 0.702 0.000 0.000 0.000 0.000 0.000 0.000 0.000 0.000 1.000 0.000 0.000 0.000
0.000 0.912 0.000 0.000 0.000 0.000 0.503 0.000 0.000 0.000 0.000 0.000 0.000 0.000 0.000 1.000 0.000 0.000 0.000
0.000 1.000 0.000 0.000 0.000 0.000 0.594 0.000 0.000 0.000 0.000 0.000 0.000 0.000 0.000 1.000 0.000 0.000 0.000
0.000 1.000 0.000 0.000 0.000 0.000 0.702 0.000 0.000 0.000 0.000 0.000 0.000 0.000 0.000 1.000 0.000 0.000 0.000
0.000 1.000 0.000 0.000 0.000 0.000 0.793 0.000 0.000 0.000 0.000 0.000 0.000 0.000 0.000 1.000 0.000 0.000 0.000
0.000 1.000 0.000 0.000 0.000 0.000 0.815 0.000 0.000 0.000 0.000 0.000 0.000 0.000 0.000 1.000 0.000 0.000 0.000
0.000 1.000 0.000 0.000 0.000 0.000 0.855 0.000 0.000 0.000 0.000 0.000 0.000 0.000 0.000 1.000 0.000 0.000 0.000
0.000 1.000 0.000 0.000 0.000 0.000 0.844 0.000 0.000 0.000 0.000 0.000 0.000 0.000 0.000 1.000 0.000 0.000 0.000
0.000 1.000 0.000 0.000 0.000 0.000 0.806 0.000 0.000 0.000 0.000 0.000 0.000 0.000 0.000 1.000 0.000 0.000 0.000
0.000 1.000 0.000 0.000 0.000 0.000 0.806 0.000 0.000 0.000 0.000 0.000 0.000 0.000 0.000 1.000 0.000 0.000 0.000
0.000 1.000 0.000 0.000 0.000 0.000 0.857 0.000 0.000 0.000 0.000 0.000 0.000 0.000 0.000 1.000 0.000 0.000 0.000
0.000 1.000 0.000 0.000 0.000 0.000 0.868 0.000 0.000 0.000 0.000 0.000 0.000 0.000 0.000 1.000 0.000 0.000 0.000
0.000 1.000 0.000 0.000 0.000 0.000 0.886 0.000 0.000 0.000 0.000 0.000 0.000 0.000 0.000 1.000 0.000 0.000 0.000
0.000 0.981 0.000 0.000 0.000 0.000 0.935 0.000 0.000 0.000 0.000 0.000 0.000 0.000 0.000 1.000 0.000 0.000 0.000
0.000 0.926 0.000 0.000 0.000 0.000 0.939 0.000 0.000 0.000 0.000 0.000 0.000 0.000 0.000 1.000 0.000 0.000 0.000
0.000 0.948 0.000 0.000 0.000 0.000 0.908 0.000 0.000 0.000 0.000 0.000 0.000 0.000 0.000 1.000 0.000 0.000 0.000
0.000 0.928 0.000 0.000 0.000 0.000 0.967 0.000 0.000 0.000 0.000 0.000 0.000 0.000 0.000 1.000 0.000 0.000 0.000
0.000 0.892 0.000 0.000 0.000 0.000 0.968 0.000 0.000 0.000 0.000 0.000 0.000 0.000 0.000 1.000 0.000 0.000 0.000
0.000 0.870 0.000 0.000 0.000 0.000 0.977 0.000 0.000 0.000 0.000 0.000 0.000 0.000 0.000 1.000 0.000 0.000 0.000
0.000 0.916 0.000 0.000 0.000 0.000 1.000 0.000 0.000 0.000 0.000 0.000 0.000 0.000 0.000 1.000 0.000 0.000 0.000
0.000 0.904 0.000 0.000 0.000 0.000 1.000 0.000 0.000 0.000 0.000 0.000 0.000 0.000 0.000 1.000 0.000 0.000 0.000
0.000 0.907 0.000 0.000 0.000 0.000 1.000 0.000 0.000 0.000 0.000 0.000 0.000 0.000 0.000 1.000 0.000 0.000 0.000
0.000 0.895 0.000 0.000 0.000 0.000 1.000 0.000 0.000 0.000 0.000 0.000 0.000 0.000 0.000 1.000 0.000 0.000 0.000
0.000 0.944 0.000 0.000 0.000 0.000 1.000 0.000 0.000 0.000 0.000 0.000 0.000 0.000 0.000 1.000 0.000 0.000 0.000
0.000 0.959 0.000 0.000 0.000 0.000 1.000 0.000 0.000 0.000 0.000 0.000 0.000 0.000 0.000 1.000 0.000 0.000 0.000
0.000 0.980 0.000 0.000 0.000 0.000 1.000 0.000 0.000 0.000 0.000 0.000 0.000 0.000 0.000 1.000 0.000 0.000 0.000
0.000 1.000 0.000 0.000 0.000 0.000 0.978 0.000 0.000 0.266 0.000 0.000 0.000 0.000 0.000 1.000 0.000 0.000 0.000
0.000 1.000 0.000 0.000 0.000 0.000 0.943 0.000 0.000 0.332 0.000 0.000 0.000 0.000 0.000 1.000 0.000 0.000 0.000
0.000 1.000 0.000 0.000 0.000 0.000 0.943 0.000 0.000 0.332 0.000 0.000 0.000 0.000 0.000 1.000 0.000 0.000 0.000
0.000 1.000 0.000 0.000 0.000 0.000 0.873 0.000 0.000 0.432 0.000 0.000 0.000 0.000 0.000 1.000 0.000 0.000 0.000
0.000 1.000 0.000 0.000 0.000 0.000 0.829 0.000 0.000 0.469 0.000 0.000 0.000 0.000 0.000 1.000 0.000 0.000 0.000
0.000 1.000 0.000 0.000 0.000 0.000 0.863 0.000 0.000 0.558 0.000 0.000 0.000 0.000 0.000 1.000 0.000 0.000 0.000
0.000 1.000 0.000 0.000 0.000 0.000 0.888 0.000 0.000 0.534 0.000 0.000 0.000 0.000 0.000 1.000 0.000 0.000 0.000
0.000 1.000 0.000 0.000 0.000 0.000 0.940 0.000 0.000 0.471 0.000 0.000 0.000 0.000 0.000 1.000 0.000 0.000 0.000
0.000 1.000 0.000 0.000 0.000 0.000 0.944 0.000 0.000 0.455 0.000 0.000 0.000 0.000 0.000 1.000 0.000 0.000 0.000
0.000 1.000 0.000 0.000 0.000 0.000 0.971 0.000 0.000 0.464 0.000 0.000 0.000 0.000 0.000 1.000 0.000 0.000 0.000
0.000 1.000 0.000 0.000 0.000 0.000 0.975 0.000 0.000 0.405 0.000 0.000 0.000 0.000 0.000 1.000 0.000 0.000 0.000
0.000 1.000 0.000 0.000 0.000 0.000 0.975 0.000 0.000 0.405 0.000 0.000 0.000 0.000 0.000 1.000 0.000 0.000 0.000
0.000 1.000 0.000 0.000 0.000 0.000 1.000 0.000 0.000 0.327 0.000 0.000 0.000 0.000 0.000 1.000 0.000 0.000 0.000
0.000 1.000 0.000 0.000 0.000 0.000 1.000 0.000 0.000 0.312 0.000 0.000 0.000 0.000 0.000 1.000 0.000 0.000 0.000
0.000 1.000 0.000 0.000 0.000 0.000 1.000 0.000 0.000 0.274 0.000 0.000 0.000 0.000 0.000 1.000 0.000 0.000 0.000
0.000 1.000 0.000 0.000 0.000 0.000 0.997 0.000 0.000 0.386 0.000 0.000 0.000 0.000 0.000 1.000 0.000 0.000 0.000
0.000 1.000 0.000 0.000 0.000 0.000 1.000 0.000 0.000 0.419 0.000 0.000 0.000 0.000 0.000 1.000 0.000 0.000 0.000
0.000 1.000 0.000 0.000 0.000 0.000 1.000 0.000 0.000 0.284 0.000 0.000 0.000 0.000 0.000 1.000 0.000 0.000 0.000
0.000 1.000 0.000 0.000 0.000 0.000 1.000 0.000 0.000 0.313 0.000 0.000 0.000 0.000 0.000 1.000 0.000 0.000 0.000
0.000 1.000 0.000 0.000 0.000 0.000 1.000 0.000 0.000 0.272 0.000 0.000 0.000 0.000 0.000 1.000 0.000 0.000 0.000
0.000 1.000 0.000 0.000 0.000 0.000 1.000 0.000 0.000 0.280 0.000 0.000 0.000 0.000 0.000 1.000 0.000 0.000 0.000
0.000 1.000 0.000 0.000 0.000 0.000 1.000 0.000 0.000 0.280 0.000 0.000 0.000 0.000 0.000 1.000 0.000 0.000 0.000
0.000 1.000 0.000 0.000 0.000 0.000 1.000 0.000 0.000 0.222 0.000 0.000 0.000 0.000 0.000 1.000 0.000 0.000 0.000
0.000 1.000 0.000 0.000 0.000 0.000 1.000 0.000 0.000 0.228 0.000 0.000 0.000 0.000 0.000 1.000 0.000 0.000 0.000
0.000 1.000 0.000 0.000 0.000 0.000 1.000 0.000 0.000 0.276 0.000 0.000 0.000 0.000 0.000 1.000 0.000 0.000 0.000
0.000 1.000 0.000 0.000 0.000 0.000 1.000 0.000 0.000 0.263 0.000 0.000 0.000 0.000 0.000 1.000 0.000 0.000 0.000
0.000 1.000 0.000 0.000 0.000 0.000 0.996 0.000 0.000 0.295 0.000 0.000 0.000 0.000 0.000 1.000 0.000 0.000 0.000
0.000 1.000 0.000 0.000 0.000 0.000 0.989 0.000 0.000 0.258 0.000 0.000 0.000 0.000 0.000 1.000 0.000 0.000 0.000
0.000 1.000 0.000 0.000 0.000 0.000 1.000 0.000 0.000 0.277 0.000 0.000 0.000 0.000 0.000 1.000 0.000 0.000 0.000
0.000 0.989 0.000 0.000 0.000 0.000 1.000 0.000 0.000 0.282 0.000 0.000 0.000 0.000 0.000 1.000 0.000 0.000 0.000
0.000 1.000 0.000 0.000 0.000 0.000 1.000 0.000 0.000 0.285 0.000 0.000 0.000 0.000 0.000 1.000 0.000 0.000 0.000
0.000 1.000 0.000 0.000 0.000 0.000 1.000 0.000 0.000 0.252 0.000 0.000 0.000 0.000 0.000 1.000 0.000 0.000 0.000
0.000 1.000 0.000 0.000 0.000 0.000 1.000 0.000 0.000 0.252 0.000 0.000 0.000 0.000 0.000 1.000 0.000 0.000 0.000
0.000 1.000 0.000 0.000 0.000 0.000 1.000 0.000 0.000 0.253 0.000 0.000 0.000 0.000 0.000 1.000 0.000 0.000 0.000
0.000 1.000 0.000 0.000 0.000 0.000 1.000 0.000 0.000 0.253 0.000 0.000 0.000 0.000 0.000 1.000 0.000 0.000 0.000
0.000 1.000 0.000 0.000 0.000 0.000 1.000 0.000 0.000 0.292 0.000 0.000 0.000 0.000 0.000 1.000 0.000 0.000 0.000
0.000 1.000 0.000 0.000 0.000 0.000 1.000 0.000 0.000 0.468 0.000 0.000 0.000 0.000 0.000 1.000 0.000 0.000 0.000
0.000 1.000 0.000 0.000 0.000 0.000 1.000 0.000 0.000 0.465 0.000 0.000 0.000 0.000 0.000 1.000 0.000 0.000 0.000
0.000 1.000 0.000 0.000 0.000 0.000 1.000 0.000 0.000 0.509 0.000 0.000 0.000 0.000 0.000 1.000 0.000 0.000 0.000
0.000 0.000 0.000 0.000 0.000 0.000 0.000 0.000 0.000 0.189 0.000 0.000 0.000 0.000 0.000 0.000 0.000 0.000 0.000
0.000 0.000 0.000 0.000 0.000 0.000 0.000 0.000 0.000 0.293 0.000 0.000 0.000 0.000 0.000 0.000 0.000 0.000 0.000
0.000 0.000 0.000 0.000 0.000 0.000 0.000 0.000 0.000 0.370 0.000 0.000 0.000 0.000 0.000 0.000 0.000 0.000 0.000
0.000 0.000 0.000 0.000 0.000 0.000 0.000 0.000 0.000 0.404 0.000 0.000 0.000 0.000 0.000 0.000 0.000 0.000 0.000
0.000 0.000 0.000 0.000 0.000 0.000 0.000 0.180 0.000 0.404 0.000 0.000 0.000 0.000 0.000 0.000 0.000 0.000 0.000
0.000 0.000 0.000 0.000 0.000 0.000 0.000 0.224 0.000 0.404 0.000 0.000 0.000 0.000 0.000 0.000 0.000 0.000 0.000
0.000 0.000 0.000 0.000 0.000 0.000 0.000 0.302 0.000 0.404 0.000 0.000 0.000 0.000 0.000 0.000 0.000 0.000 0.000
0.000 0.000 0.000 0.000 0.000 0.000 0.000 0.386 0.000 0.368 0.000 0.000 0.000 0.000 0.000 0.000 0.000 0.000 0.000
0.000 0.000 0.000 0.000 0.000 0.000 0.000 0.500 0.000 0.270 0.000 0.000 0.000 0.000 0.000 0.000 0.000 0.000 0.000
0.000 0.000 0.000 0.000 0.000 0.000 0.000 0.478 0.000 0.166 0.000 0.000 0.000 0.000 0.000 0.000 0.000 0.000 0.000
0.000 0.000 0.000 0.000 0.000 0.000 0.000 0.488 0.000 0.000 0.000 0.000 0.000 0.000 0.000 0.000 0.000 0.000 0.000
0.000 0.000 0.000 0.000 0.000 0.000 0.000 0.499 0.000 0.000 0.000 0.000 0.000 0.000 0.000 0.000 0.000 0.000 0.000
0.000 0.000 0.000 0.000 0.000 0.000 0.000 0.476 0.000 0.000 0.000 0.000 0.000 0.000 0.000 0.000 0.000 0.000 0.000
0.000 0.000 0.000 0.000 0.000 0.000 0.000 0.433 0.000 0.000 0.000 0.000 0.000 0.000 0.000 0.000 0.000 0.000 0.000
0.000 0.000 0.000 0.000 0.000 0.000 0.000 0.389 0.000 0.000 0.000 0.000 0.000 0.000 0.000 0.000 0.000 0.000 0.000
0.000 0.000 0.000 0.000 0.000 0.000 0.000 0.348 0.000 0.000 0.000 0.000 0.000 0.000 0.000 0.000 0.000 0.000 0.000
0.000 0.000 0.000 0.000 0.000 0.000 0.000 0.293 0.000 0.000 0.000 0.000 0.000 0.000 0.000 0.000 0.000 0.000 0.000
0.000 0.000 0.000 0.000 0.000 0.000 0.000 0.310 0.000 0.000 0.000 0.000 0.000 0.000 0.000 0.000 0.000 0.000 0.000
0.000 0.000 0.000 0.000 0.000 0.000 0.000 0.286 0.000 0.000 0.000 0.000 0.000 0.000 0.000 0.000 0.000 0.000 0.000
0.000 0.000 0.000 0.000 0.000 0.000 0.000 0.331 0.000 0.000 0.000 0.000 0.000 0.000 0.000 0.000 0.000 0.000 0.000
0.000 0.000 0.000 0.000 0.000 0.000 0.000 0.404 0.000 0.000 0.000 0.000 0.000 0.000 0.000 0.000 0.000 0.000 0.000
0.000 0.000 0.000 0.000 0.000 0.000 0.000 0.404 0.000 0.000 0.000 0.000 0.000 0.000 0.000 0.000 0.000 0.000 0.000
0.000 0.000 0.000 0.000 0.000 0.000 0.000 0.445 0.000 0.000 0.000 0.000 0.000 0.000 0.000 0.000 0.000 0.000 0.000
0.000 0.000 0.000 0.000 0.000 0.000 0.000 0.440 0.000 0.000 0.000 0.000 0.000 0.000 0.000 0.000 0.000 0.000 0.000
0.000 0.000 0.000 0.000 0.000 0.000 0.000 0.391 0.000 0.000 0.000 0.000 0.000 0.000 0.000 0.000 0.000 0.000 0.000
0.000 0.000 0.000 0.000 0.000 0.000 0.000 0.382 0.000 0.000 0.000 0.000 0.000 0.000 0.000 0.000 0.000 0.000 0.000
0.000 0.000 0.000 0.000 0.000 0.000 0.000 0.391 0.000 0.000 0.000 0.000 0.000 0.000 0.000 0.000 0.000 0.000 0.000
0.000 0.000 0.000 0.000 0.000 0.000 0.000 0.451 0.000 0.000 0.000 0.000 0.000 0.000 0.000 0.000 0.000 0.000 0.000
0.000 0.000 0.000 0.000 0.000 0.000 0.000 0.380 0.000 0.000 0.000 0.000 0.000 0.000 0.000 0.000 0.000 0.000 0.000
0.000 0.000 0.000 0.000 0.000 0.000 0.000 0.306 0.000 0.000 0.000 0.000 0.000 0.000 0.000 0.000 0.000 0.000 0.000
0.000 0.000 0.000 0.000 0.000 0.000 0.000 0.245 0.000 0.000 0.000 0.000 0.000 0.000 0.000 0.000 0.000 0.000 0.000
0.000 0.000 0.000 0.000 0.000 0.000 0.000 0.222 0.000 0.000 0.000 0.000 0.000 0.000 0.000 0.000 0.000 0.000 0.000
0.000 0.000 0.000 0.000 0.000 0.000 0.000 0.213 0.000 0.000 0.000 0.000 0.000 0.000 0.000 0.000 0.000 0.000 0.000
0.000 0.000 0.000 0.000 0.000 0.000 0.000 0.161 0.000 0.000 0.000 0.000 0.000 0.000 0.000 0.000 0.000 0.000 0.000
0.000 0.000 0.000 0.000 0.000 0.000 0.000 0.000 0.000 0.000 0.000 0.000 0.000 0.000 0.000 0.000 0.000 0.000 0.000
0.000 0.000 0.000 0.000 0.000 0.000 0.000 0.000 0.000 0.000 0.000 0.000 0.000 0.000 0.000 0.000 0.000 0.000 0.000
0.000 0.000 0.000 0.000 0.000 0.000 0.000 0.000 0.000 0.000 0.000 0.000 0.000 0.000 0.000 0.000 0.000 0.000 0.000
0.000 0.000 0.000 0.000 0.000 0.000 0.000 0.000 0.000 0.000 0.000 0.000 0.000 0.000 0.000 0.000 0.000 0.000 0.000
0.000 0.000 0.000 0.000 0.000 0.000 0.000 0.000 0.000 0.000 0.000 0.000 0.000 0.000 0.000 0.000 0.000 0.000 0.000
0.000 0.000 0.000 0.000 0.000 0.000 0.000 0.000 0.000 0.000 0.000 0.000 0.000 0.000 0.000 0.000 0.000 0.000 0.000
0.000 0.000 0.000 0.000 0.000 0.000 0.000 0.000 0.000 0.000 0.000 0.000 0.000 0.000 0.000 0.000 0.000 0.000 0.000
0.000 0.000 0.000 0.000 0.000 0.000 0.000 0.000 0.000 0.000 0.000 0.000 0.000 0.000 0.000 0.000 0.000 0.000 0.000
0.000 0.000 0.000 0.000 0.000 0.000 0.000 0.000 0.000 0.000 0.000 0.000 0.000 0.000 0.000 0.000 0.000 0.000 0.000
0.000 0.000 0.000 0.000 0.000 0.000 0.000 0.000 0.000 0.000 0.000 0.000 0.000 0.000 0.000 0.000 0.000 0.000 0.000
0.000 0.000 0.000 0.000 0.000 0.000 0.000 0.000 0.000 0.000 0.000 0.000 0.000 0.000 0.000 0.000 0.000 0.000 0.000
0.000 0.000 0.000 0.000 0.000 0.000 0.000 0.000 0.000 0.000 0.000 0.000 0.000 0.000 0.000 0.000 0.000 0.000 0.000
0.000 0.000 0.000 0.000 0.000 0.000 0.000 0.000 0.000 0.000 0.000 0.000 0.000 0.000 0.000 0.000 0.000 0.000 0.000
0.000 0.000 0.000 0.000 0.000 0.000 0.000 0.000 0.000 0.000 0.000 0.000 0.000 0.000 0.000 0.000 0.000 0.000 0.000
0.000 0.000 0.000 0.000 0.000 0.000 0.000 0.000 0.000 0.000 0.000 0.000 0.000 0.000 0.000 0.000 0.000 0.000 0.000
0.000 0.000 0.000 0.000 0.000 0.000 0.000 0.000 0.000 0.000 0.000 0.000 0.000 0.000 0.000 0.000 0.000 0.000 0.000
0.000 0.000 0.000 0.000 0.000 0.000 0.000 0.000 0.000 0.000 0.000 0.000 0.000 0.000 0.000 0.000 0.000 0.000 0.000
0.000 0.000 0.000 0.000 0.000 0.000 0.000 0.000 0.000 0.000 0.000 0.000 0.000 0.000 0.000 0.000 0.000 0.000 0.000
0.000 0.000 0.000 0.000 0.000 0.000 0.000 0.000 0.000 0.000 0.000 0.000 0.000 0.000 0.000 0.000 0.000 0.000 0.000
0.000 0.000 0.000 0.000 0.000 0.000 0.000 0.000 0.000 0.000 0.000 0.000 0.000 0.000 0.000 0.000 0.000 0.000 0.000
0.000 0.000 0.000 0.000 0.000 0.000 0.000 0.000 0.000 0.000 0.000 0.000 0.000 0.000 0.000 0.000 0.000 0.000 0.000
0.000 0.000 0.000 0.000 0.000 0.000 0.000 0.000 0.000 0.000 0.000 0.000 0.000 0.000 0.000 0.000 0.000 0.000 0.000
0.000 0.000 0.000 0.000 0.000 0.000 0.000 0.000 0.000 0.000 0.000 0.000 0.000 0.000 0.000 0.000 0.000 0.000 0.000
0.000 0.000 0.000 0.000 0.000 0.000 0.000 0.000 0.000 0.000 0.000 0.000 0.000 0.000 0.000 0.000 0.000 0.000 0.000
0.000 0.000 0.000 0.000 0.000 0.000 0.000 0.000 0.000 0.000 0.000 0.000 0.000 0.000 0.000 0.000 0.000 0.000 0.000
0.000 0.000 0.000 0.000 0.000 0.000 0.000 0.159 0.000 0.000 0.000 0.000 0.000 0.000 0.000 0.000 0.000 0.000 0.000
0.000 0.000 0.000 0.000 0.000 0.000 0.000 0.204 0.000 0.000 0.000 0.000 0.000 0.000 0.000 0.000 0.000 0.000 0.000
0.000 0.000 0.000 0.000 0.000 0.000 0.000 0.292 0.000 0.000 0.000 0.000 0.000 0.000 0.000 0.000 0.000 0.000 0.000
0.000 0.000 0.000 0.000 0.000 0.000 0.000 0.404 0.000 0.000 0.000 0.000 0.000 0.000 0.000 0.000 0.000 0.000 0.000
0.000 0.000 0.000 0.000 0.000 0.000 0.000 0.443 0.000 0.000 0.000 0.000 0.000 0.000 0.000 0.000 0.000 0.000 0.000
0.000 0.000 0.000 0.000 0.000 0.000 0.000 0.484 0.000 0.000 0.000 0.000 0.000 0.000 0.000 0.000 0.000 0.000 0.000
0.000 0.000 0.000 0.000 0.000 0.000 0.000 0.487 0.000 0.000 0.000 0.000 0.000 0.000 0.000 0.000 0.000 0.000 0.000
0.000 0.000 0.000 0.000 0.000 0.000 0.000 0.498 0.000 0.153 0.000 0.000 0.000 0.000 0.000 0.000 0.000 0.000 0.000
0.000 0.000 0.000 0.000 0.000 0.000 0.000 0.471 0.000 0.153 0.000 0.000 0.000 0.000 0.000 0.000 0.000 0.000 0.000
0.000 0.000 0.000 0.000 0.000 0.000 0.000 0.431 0.000 0.153 0.000 0.000 0.000 0.000 0.000 0.000 0.000 0.000 0.000
0.000 0.000 0.000 0.000 0.000 0.000 0.000 0.383 0.000 0.153 0.000 0.000 0.000 0.000 0.000 0.000 0.000 0.000 0.000
0.384 0.000 0.000 0.000 0.000 0.000 0.000 1.000 0.000 0.151 0.000 0.000 0.000 0.000 0.000 0.000 1.000 0.000 0.000
0.550 0.000 0.000 0.000 0.000 0.000 0.000 1.000 0.000 0.000 0.000 0.000 0.000 0.000 0.000 0.000 1.000 0.000 0.000
0.759 0.000 0.000 0.000 0.000 0.000 0.000 1.000 0.000 0.000 0.000 0.000 0.000 0.000 0.000 0.000 1.000 0.000 0.000
1.000 0.000 0.000 0.000 0.000 0.000 0.000 1.000 0.000 0.000 0.000 0.000 0.000 0.000 0.000 0.000 1.000 0.000 0.000
1.000 0.000 0.000 0.000 0.000 0.000 0.000 1.000 0.000 0.000 0.000 0.000 0.000 0.000 0.000 0.000 1.000 0.000 0.000
1.000 0.000 0.000 0.000 0.000 0.000 0.000 1.000 0.000 0.000 0.000 0.000 0.000 0.000 0.000 0.000 1.000 0.000 0.000
1.000 0.000 0.000 0.000 0.000 0.000 0.000 1.000 0.000 0.000 0.000 0.000 0.000 0.000 0.000 0.000 1.000 0.000 0.000
1.000 0.000 0.000 0.000 0.000 0.000 0.000 1.000 0.000 0.000 0.000 0.000 0.000 0.000 0.000 0.000 1.000 0.000 0.000
1.000 0.000 0.000 0.000 0.000 0.000 0.000 1.000 0.000 0.000 0.000 0.000 0.000 0.000 0.000 0.000 1.000 0.000 0.000
1.000 0.000 0.000 0.000 0.000 0.000 0.000 1.000 0.000 0.000 0.000 0.000 0.000 0.000 0.000 0.000 1.000 0.000 0.000
1.000 0.000 0.000 0.000 0.000 0.000 0.000 1.000 0.000 0.000 0.000 0.000 0.000 0.000 0.000 0.000 1.000 0.000 0.000
1.000 0.000 0.000 0.000 0.000 0.000 0.000 1.000 0.000 0.000 0.000 0.000 0.000 0.000 0.000 0.000 1.000 0.000 0.000
1.000 0.000 0.000 0.000 0.000 0.000 0.000 1.000 0.000 0.000 0.000 0.000 0.000 0.000 0.000 0.000 1.000 0.000 0.000
1.000 0.000 0.000 0.000 0.000 0.000 0.000 1.000 0.000 0.000 0.000 0.000 0.000 0.000 0.000 0.000 1.000 0.000 0.000
1.000 0.000 0.000 0.000 0.000 0.000 0.000 1.000 0.000 0.000 0.000 0.000 0.000 0.000 0.000 0.000 1.000 0.000 0.000
1.000 0.000 0.000 0.000 0.000 0.000 0.000 1.000 0.000 0.000 0.000 0.000 0.000 0.000 0.000 0.000 1.000 0.000 0.000
1.000 0.000 0.000 0.000 0.000 0.000 0.000 1.000 0.000 0.000 0.000 0.000 0.000 0.000 0.000 0.000 1.000 0.000 0.000
1.000 0.000 0.000 0.000 0.000 0.000 0.000 1.000 0.000 0.000 0.000 0.000 0.000 0.000 0.000 0.000 1.000 0.000 0.000
1.000 0.000 0.000 0.000 0.000 0.000 0.000 1.000 0.000 0.000 0.000 0.000 0.000 0.000 0.000 0.000 1.000 0.000 0.000
1.000 0.000 0.000 0.000 0.000 0.000 0.000 1.000 0.000 0.000 0.000 0.000 0.000 0.000 0.000 0.000 1.000 0.000 0.000
1.000 0.000 0.000 0.000 0.000 0.000 0.000 1.000 0.000 0.000 0.000 0.000 0.000 0.000 0.000 0.000 1.000 0.000 0.000
1.000 0.000 0.000 0.000 0.000 0.000 0.000 1.000 0.000 0.000 0.000 0.000 0.000 0.000 0.000 0.000 1.000 0.000 0.000
1.000 0.000 0.000 0.000 0.000 0.000 0.000 1.000 0.000 0.000 0.000 0.000 0.000 0.000 0.000 0.000 1.000 0.000 0.000
1.000 0.000 0.000 0.000 0.000 0.000 0.000 1.000 0.000 0.000 0.000 0.000 0.000 0.000 0.000 0.000 1.000 0.000 0.000
1.000 0.000 0.000 0.000 0.000 0.000 0.000 1.000 0.000 0.000 0.000 0.000 0.000 0.000 0.000 0.000 1.000 0.000 0.000
1.000 0.000 0.000 0.000 0.000 0.000 0.000 1.000 0.000 0.000 0.000 0.000 0.000 0.000 0.000 0.000 1.000 0.000 0.000
1.000 0.000 0.000 0.000 0.000 0.000 0.000 1.000 0.000 0.000 0.000 0.000 0.000 0.000 0.000 0.000 1.000 0.000 0.000
1.000 0.000 0.000 0.000 0.000 0.000 0.000 1.000 0.000 0.000 0.000 0.000 0.000 0.000 0.000 0.000 1.000 0.000 0.000
1.000 0.000 0.000 0.000 0.000 0.000 0.000 1.000 0.000 0.000 0.000 0.000 0.000 0.000 0.000 0.000 1.000 0.000 0.000
1.000 0.000 0.000 0.000 0.000 0.000 0.000 1.000 0.000 0.000 0.000 0.000 0.000 0.000 0.000 0.000 1.000 0.000 0.000
1.000 0.000 0.000 0.000 0.000 0.000 0.000 1.000 0.000 0.000 0.000 0.000 0.000 0.000 0.000 0.000 1.000 0.000 0.000
1.000 0.000 0.000 0.000 0.000 0.000 0.000 1.000 0.000 0.000 0.000 0.000 0.000 0.000 0.000 0.000 1.000 0.000 0.000
1.000 0.000 0.000 0.000 0.000 0.000 0.000 1.000 0.000 0.000 0.000 0.000 0.000 0.000 0.000 0.000 1.000 0.000 0.000
1.000 0.000 0.000 0.000 0.000 0.000 0.000 1.000 0.000 0.000 0.000 0.000 0.000 0.000 0.000 0.000 1.000 0.000 0.000
1.000 0.000 0.000 0.000 0.000 0.000 0.000 1.000 0.000 0.000 0.000 0.000 0.000 0.000 0.000 0.000 1.000 0.000 0.000
1.000 0.000 0.000 0.000 0.000 0.000 0.000 1.000 0.000 0.000 0.000 0.000 0.000 0.000 0.000 0.000 1.000 0.000 0.000
1.000 0.000 0.000 0.000 0.000 0.000 0.000 1.000 0.000 0.000 0.000 0.000 0.000 0.000 0.000 0.000 1.000 0.000 0.000
1.000 0.000 0.000 0.000 0.000 0.000 0.000 1.000 0.000 0.000 0.000 0.000 0.000 0.000 0.000 0.000 1.000 0.000 0.000
1.000 0.000 0.000 0.000 0.000 0.000 0.000 1.000 0.000 0.000 0.000 0.000 0.000 0.000 0.000 0.000 1.000 0.000 0.000
1.000 0.000 0.000 0.000 0.000 0.000 0.000 1.000 0.000 0.000 0.000 0.000 0.000 0.000 0.000 0.000 1.000 0.000 0.000
1.000 0.000 0.000 0.000 0.000 0.000 0.000 1.000 0.000 0.000 0.000 0.000 0.000 0.000 0.000 0.000 1.000 0.000 0.000
1.000 0.000 0.000 0.000 0.000 0.000 0.000 1.000 0.000 0.000 0.000 0.000 0.000 0.000 0.000 0.000 1.000 0.000 0.000
1.000 0.000 0.000 0.000 0.000 0.000 0.000 1.000 0.000 0.000 0.000 0.000 0.000 0.000 0.000 0.000 1.000 0.000 0.000
1.000 0.000 0.000 0.000 0.000 0.000 0.000 1.000 0.000 0.000 0.000 0.000 0.000 0.000 0.000 0.000 1.000 0.000 0.000
1.000 0.000 0.000 0.000 0.000 0.000 0.000 1.000 0.000 0.000 0.000 0.000 0.000 0.000 0.000 0.000 1.000 0.000 0.000
1.000 0.000 0.000 0.000 0.000 0.000 0.000 1.000 0.000 0.000 0.000 0.000 0.000 0.000 0.000 0.000 1.000 0.000 0.000
1.000 0.000 0.000 0.000 0.000 0.000 0.000 1.000 0.000 0.000 0.000 0.000 0.000 0.000 0.000 0.000 1.000 0.000 0.000
1.000 0.000 0.000 0.000 0.000 0.000 0.000 1.000 0.000 0.000 0.000 0.000 0.000 0.000 0.000 0.000 1.000 0.000 0.000
1.000 0.000 0.000 0.000 0.000 0.000 0.000 1.000 0.000 0.000 0.000 0.000 0.000 0.000 0.000 0.000 1.000 0.000 0.000
1.000 0.000 0.000 0.000 0.000 0.000 0.000 1.000 0.000 0.000 0.000 0.000 0.000 0.000 0.000 0.000 1.000 0.000 0.000
1.000 0.000 0.000 0.000 0.000 0.000 0.000 1.000 0.000 0.000 0.000 0.000 0.000 0.000 0.000 0.000 1.000 0.000 0.000
1.000 0.000 0.000 0.000 0.000 0.000 0.000 1.000 0.000 0.000 0.000 0.000 0.000 0.000 0.000 0.000 1.000 0.000 0.000
1.000 0.000 0.000 0.000 0.000 0.000 0.000 1.000 0.000 0.000 0.000 0.000 0.000 0.000 0.000 0.000 1.000 0.000 0.000
1.000 0.000 0.000 0.000 0.000 0.000 0.000 1.000 0.000 0.000 0.000 0.000 0.000 0.000 0.000 0.000 1.000 0.000 0.000
1.000 0.000 0.000 0.000 0.000 0.000 0.000 1.000 0.000 0.000 0.000 0.000 0.000 0.000 0.000 0.000 1.000 0.000 0.000
1.000 0.000 0.000 0.000 0.000 0.000 0.000 1.000 0.000 0.000 0.000 0.000 0.000 0.000 0.000 0.000 1.000 0.000 0.000
1.000 0.000 0.000 0.000 0.000 0.000 0.000 1.000 0.000 0.000 0.000 0.000 0.000 0.000 0.000 0.000 1.000 0.000 0.000
1.000 0.000 0.000 0.000 0.000 0.000 0.000 1.000 0.000 0.000 0.000 0.000 0.000 0.000 0.000 0.000 1.000 0.000 0.000
1.000 0.000 0.000 0.000 0.000 0.000 0.000 1.000 0.000 0.152 0.000 0.000 0.000 0.000 0.000 0.000 1.000 0.000 0.000
1.000 0.000 0.000 0.000 0.000 0.000 0.000 1.000 0.000 0.176 0.000 0.000 0.000 0.000 0.000 0.000 1.000 0.000 0.000
1.000 0.000 0.000 0.000 0.000 0.000 0.000 1.000 0.000 0.189 0.000 0.000 0.000 0.000 0.000 0.000 1.000 0.000 0.000
1.000 0.000 0.000 0.000 0.000 0.000 0.000 1.000 0.000 0.239 0.000 0.000 0.000 0.000 0.000 0.000 1.000 0.000 0.000
1.000 0.000 0.000 0.000 0.000 0.000 0.000 1.000 0.000 0.248 0.000 0.000 0.000 0.000 0.000 0.000 1.000 0.000 0.000
1.000 0.000 0.000 0.000 0.000 0.000 0.000 1.000 0.000 0.248 0.000 0.000 0.000 0.000 0.000 0.000 1.000 0.000 0.000
1.000 0.000 0.000 0.000 0.000 0.000 0.000 1.000 0.000 0.225 0.000 0.000 0.000 0.000 0.000 0.000 1.000 0.000 0.000
1.000 0.000 0.000 0.000 0.000 0.000 0.000 1.000 0.000 0.209 0.000 0.000 0.000 0.000 0.000 0.000 1.000 0.000 0.000
1.000 0.000 0.000 0.000 0.000 0.000 0.000 1.000 0.000 0.219 0.000 0.000 0.000 0.000 0.000 0.000 1.000 0.000 0.000
1.000 0.000 0.000 0.000 0.000 0.000 0.000 1.000 0.000 0.327 0.000 0.000 0.000 0.000 0.000 0.000 1.000 0.000 0.000
1.000 0.000 0.000 0.000 0.000 0.000 0.000 1.000 0.000 0.382 0.000 0.000 0.000 0.000 0.000 0.000 1.000 0.000 0.000
1.000 0.000 0.000 0.000 0.000 0.000 0.000 1.000 0.000 0.460 0.000 0.000 0.000 0.000 0.000 0.000 1.000 0.000 0.000
0.000 0.615 0.000 0.000 0.000 0.000 0.000 0.000 0.000 0.000 0.000 0.000 0.000 0.000 0.000 0.000 0.000 0.789 0.000
0.000 0.757 0.000 0.000 0.000 0.000 0.000 0.000 0.000 0.000 0.000 0.000 0.000 0.000 0.000 0.000 0.000 1.000 0.000
0.000 0.914 0.000 0.000 0.000 0.000 0.000 0.000 0.000 0.000 0.000 0.000 0.000 0.000 0.000 0.000 0.000 1.000 0.000
0.000 1.000 0.000 0.000 0.000 0.000 0.000 0.000 0.000 0.000 0.000 0.000 0.000 0.000 0.000 0.000 0.000 1.000 0.000
0.000 1.000 0.000 0.000 0.000 0.000 0.000 0.000 0.000 0.000 0.000 0.000 0.000 0.000 0.000 0.000 0.000 1.000 0.000
0.000 1.000 0.000 0.000 0.000 0.000 0.000 0.000 0.000 0.000 0.000 0.000 0.000 0.000 0.000 0.000 0.000 1.000 0.000
0.000 1.000 0.000 0.000 0.000 0.000 0.000 0.000 0.000 0.000 0.000 0.000 0.000 0.000 0.000 0.000 0.000 1.000 0.000
0.000 1.000 0.000 0.000 0.000 0.000 0.000 0.000 0.214 0.000 0.000 0.000 0.000 0.000 0.000 0.000 0.000 1.000 0.000
0.000 1.000 0.000 0.000 0.000 0.000 0.000 0.000 0.248 0.000 0.000 0.000 0.000 0.000 0.000 0.000 0.000 1.000 0.000
0.000 1.000 0.000 0.000 0.000 0.000 0.000 0.000 0.271 0.000 0.000 0.000 0.000 0.000 0.000 0.000 0.000 1.000 0.000
0.000 1.000 0.000 0.000 0.000 0.000 0.000 0.000 0.276 0.000 0.000 0.000 0.000 0.000 0.000 0.000 0.000 1.000 0.000
0.000 1.000 0.000 0.000 0.000 0.000 0.000 0.000 0.263 0.000 0.000 0.000 0.000 0.000 0.000 0.000 0.000 1.000 0.000
0.000 1.000 0.000 0.000 0.000 0.000 0.000 0.000 0.278 0.000 0.000 0.000 0.000 0.000 0.000 0.000 0.000 1.000 0.000
0.000 1.000 0.000 0.000 0.000 0.000 0.000 0.000 0.255 0.000 0.000 0.000 0.000 0.000 0.000 0.000 0.000 1.000 0.000
0.000 1.000 0.000 0.000 0.000 0.000 0.000 0.000 0.218 0.000 0.000 0.000 0.000 0.000 0.000 0.000 0.000 1.000 0.000
0.000 1.000 0.000 0.000 0.000 0.000 0.000 0.000 0.177 0.000 0.000 0.000 0.000 0.000 0.000 0.000 0.000 1.000 0.000
0.000 1.000 0.000 0.000 0.000 0.000 0.000 0.000 0.171 0.000 0.000 0.000 0.000 0.000 0.000 0.000 0.000 1.000 0.000
0.000 1.000 0.000 0.000 0.000 0.000 0.000 0.000 0.178 0.000 0.000 0.000 0.000 0.000 0.000 0.000 0.000 1.000 0.000
0.000 1.000 0.000 0.000 0.000 0.000 0.000 0.000 0.219 0.000 0.000 0.000 0.000 0.000 0.000 0.000 0.000 1.000 0.000
0.000 1.000 0.000 0.000 0.000 0.000 0.000 0.000 0.280 0.000 0.000 0.000 0.000 0.000 0.000 0.000 0.000 1.000 0.000
0.000 1.000 0.000 0.000 0.000 0.000 0.000 0.000 0.319 0.000 0.000 0.000 0.000 0.000 0.000 0.000 0.000 1.000 0.000
0.000 1.000 0.000 0.000 0.000 0.000 0.000 0.000 0.382 0.000 0.000 0.000 0.000 0.000 0.000 0.000 0.000 1.000 0.000
0.000 1.000 0.000 0.000 0.000 0.000 0.000 0.000 0.434 0.000 0.000 0.000 0.000 0.000 0.000 0.000 0.000 1.000 0.000
0.000 1.000 0.000 0.000 0.000 0.000 0.000 0.000 0.455 0.000 0.000 0.000 0.000 0.000 0.000 0.000 0.000 1.000 0.000
0.000 1.000 0.000 0.000 0.000 0.000 0.000 0.000 0.506 0.000 0.000 0.000 0.000 0.000 0.000 0.000 0.000 1.000 0.000
0.000 1.000 0.000 0.000 0.000 0.000 0.000 0.000 0.510 0.000 0.000 0.000 0.000 0.000 0.000 0.000 0.000 1.000 0.000
0.000 1.000 0.000 0.000 0.000 0.000 0.000 0.000 0.449 0.000 0.000 0.000 0.000 0.000 0.000 0.000 0.000 1.000 0.000
0.000 1.000 0.000 0.000 0.000 0.000 0.000 0.000 0.429 0.000 0.000 0.000 0.000 0.000 0.000 0.000 0.000 1.000 0.000
0.000 1.000 0.000 0.000 0.000 0.000 0.000 0.000 0.360 0.000 0.000 0.000 0.000 0.000 0.000 0.000 0.000 1.000 0.000
0.000 1.000 0.000 0.000 0.000 0.000 0.163 0.000 0.287 0.000 0.000 0.000 0.000 0.000 0.000 0.000 0.000 1.000 0.000
0.000 1.000 0.000 0.000 0.000 0.000 0.228 0.000 0.230 0.000 0.000 0.000 0.000 0.000 0.000 0.000 0.000 1.000 0.000
0.000 1.000 0.000 0.000 0.000 0.000 0.262 0.000 0.184 0.000 0.000 0.000 0.000 0.000 0.000 0.000 0.000 1.000 0.000
0.000 1.000 0.000 0.000 0.000 0.000 0.280 0.000 0.000 0.000 0.000 0.000 0.000 0.000 0.000 0.000 0.000 1.000 0.000
0.000 1.000 0.000 0.000 0.000 0.000 0.285 0.000 0.000 0.000 0.000 0.000 0.000 0.000 0.000 0.000 0.000 1.000 0.000
0.000 1.000 0.000 0.000 0.000 0.000 0.272 0.000 0.000 0.000 0.000 0.000 0.000 0.000 0.000 0.000 0.000 1.000 0.000
0.000 1.000 0.000 0.000 0.000 0.000 0.240 0.000 0.000 0.000 0.000 0.000 0.000 0.000 0.000 0.000 0.000 1.000 0.000
0.000 1.000 0.000 0.000 0.000 0.000 0.198 0.000 0.000 0.000 0.000 0.000 0.000 0.000 0.000 0.000 0.000 1.000 0.000
0.000 1.000 0.000 0.000 0.000 0.000 0.000 0.000 0.170 0.000 0.000 0.000 0.000 0.000 0.000 0.000 0.000 1.000 0.000
0.000 1.000 0.000 0.000 0.000 0.000 0.000 0.000 0.226 0.000 0.000 0.000 0.000 0.000 0.000 0.000 0.000 1.000 0.000
0.000 1.000 0.000 0.000 0.000 0.000 0.000 0.000 0.253 0.000 0.000 0.000 0.000 0.000 0.000 0.000 0.000 1.000 0.000
0.000 1.000 0.000 0.000 0.000 0.000 0.000 0.000 0.279 0.000 0.000 0.000 0.000 0.000 0.000 0.000 0.000 1.000 0.000
0.000 1.000 0.000 0.000 0.000 0.000 0.000 0.000 0.258 0.000 0.000 0.000 0.000 0.000 0.000 0.000 0.000 1.000 0.000
0.000 1.000 0.000 0.000 0.000 0.000 0.000 0.000 0.252 0.000 0.000 0.000 0.000 0.000 0.000 0.000 0.000 1.000 0.000
0.000 1.000 0.000 0.000 0.000 0.000 0.000 0.000 0.274 0.000 0.000 0.000 0.000 0.000 0.000 0.000 0.000 1.000 0.000
0.000 1.000 0.000 0.000 0.000 0.000 0.000 0.000 0.272 0.000 0.000 0.000 0.000 0.000 0.000 0.000 0.000 1.000 0.000
0.000 1.000 0.000 0.000 0.000 0.000 0.000 0.000 0.208 0.000 0.000 0.000 0.000 0.000 0.000 0.000 0.000 1.000 0.000
0.000 1.000 0.000 0.000 0.000 0.000 0.000 0.000 0.151 0.000 0.000 0.000 0.000 0.000 0.000 0.000 0.000 1.000 0.000
0.000 1.000 0.000 0.000 0.000 0.000 0.000 0.000 0.000 0.000 0.000 0.000 0.000 0.000 0.000 0.000 0.000 1.000 0.000
0.000 1.000 0.000 0.000 0.000 0.000 0.000 0.000 0.000 0.000 0.000 0.000 0.000 0.000 0.000 0.000 0.000 1.000 0.000
0.000 1.000 0.000 0.000 0.000 0.000 0.000 0.000 0.000 0.000 0.000 0.000 0.000 0.000 0.000 0.000 0.000 1.000 0.000
0.000 1.000 0.000 0.000 0.000 0.000 0.000 0.000 0.000 0.000 0.000 0.000 0.000 0.000 0.000 0.000 0.000 1.000 0.000
0.000 1.000 0.000 0.000 0.000 0.000 0.000 0.000 0.000 0.000 0.000 0.000 0.000 0.000 0.000 0.000 0.000 1.000 0.000
0.000 1.000 0.000 0.000 0.000 0.000 0.000 0.000 0.000 0.000 0.000 0.000 0.000 0.000 0.000 0.000 0.000 1.000 0.000
0.000 1.000 0.000 0.000 0.000 0.000 0.000 0.000 0.000 0.000 0.000 0.000 0.000 0.000 0.000 0.000 0.000 1.000 0.000
0.000 1.000 0.000 0.000 0.000 0.000 0.000 0.000 0.000 0.000 0.000 0.000 0.000 0.000 0.000 0.000 0.000 1.000 0.000
0.000 1.000 0.000 0.000 0.000 0.000 0.000 0.000 0.000 0.000 0.000 0.000 0.000 0.000 0.000 0.000 0.000 1.000 0.000
0.000 1.000 0.000 0.000 0.000 0.000 0.000 0.000 0.000 0.000 0.000 0.000 0.000 0.000 0.000 0.000 0.000 1.000 0.000
0.000 1.000 0.000 0.000 0.000 0.000 0.000 0.000 0.000 0.000 0.000 0.000 0.000 0.000 0.000 0.000 0.000 1.000 0.000
0.000 1.000 0.000 0.000 0.000 0.000 0.000 0.000 0.000 0.000 0.000 0.000 0.000 0.000 0.000 0.000 0.000 1.000 0.000
0.000 1.000 0.000 0.000 0.000 0.000 0.000 0.000 0.000 0.000 0.000 0.000 0.000 0.000 0.000 0.000 0.000 1.000 0.000
0.000 1.000 0.000 0.000 0.000 0.000 0.000 0.000 0.000 0.000 0.000 0.000 0.000 0.000 0.000 0.000 0.000 1.000 0.000
0.000 1.000 0.000 0.000 0.000 0.000 0.000 0.000 0.000 0.000 0.000 0.000 0.000 0.000 0.000 0.000 0.000 1.000 0.000
0.000 1.000 0.000 0.000 0.000 0.000 0.000 0.000 0.000 0.000 0.000 0.000 0.000 0.000 0.000 0.000 0.000 1.000 0.000
0.000 1.000 0.000 0.000 0.000 0.000 0.000 0.000 0.000 0.000 0.000 0.000 0.000 0.000 0.000 0.000 0.000 1.000 0.000
0.000 1.000 0.000 0.000 0.000 0.000 0.000 0.000 0.000 0.000 0.000 0.000 0.000 0.000 0.000 0.000 0.000 1.000 0.000
0.000 1.000 0.000 0.000 0.000 0.000 0.000 0.000 0.000 0.000 0.000 0.000 0.000 0.000 0.000 0.000 0.000 1.000 0.000
0.000 1.000 0.000 0.000 0.000 0.000 0.000 0.000 0.000 0.000 0.000 0.000 0.000 0.000 0.000 0.000 0.000 1.000 0.000
0.000 1.000 0.000 0.000 0.000 0.000 0.000 0.000 0.000 0.000 0.000 0.000 0.000 0.000 0.000 0.000 0.000 1.000 0.000
0.000 1.000 0.000 0.000 0.000 0.000 0.000 0.000 0.000 0.000 0.000 0.000 0.000 0.000 0.000 0.000 0.000 1.000 0.000
0.000 1.000 0.000 0.000 0.000 0.000 0.000 0.000 0.000 0.000 0.000 0.000 0.000 0.000 0.000 0.000 0.000 1.000 0.000
0.000 0.000 0.000 0.000 0.000 0.000 0.000 0.000 0.000 0.000 0.000 0.000 0.000 0.000 0.000 0.000 0.000 0.000 0.795
0.000 0.000 0.000 0.000 0.000 0.000 0.000 0.000 0.000 0.000 0.000 0.000 0.000 0.000 0.000 0.000 0.000 0.000 0.983
0.000 0.000 0.000 0.000 0.000 0.000 0.000 0.000 0.000 0.000 0.000 0.000 0.000 0.000 0.000 0.000 0.000 0.000 1.000
0.000 0.000 0.000 0.000 0.000 0.000 0.000 0.000 0.000 0.000 0.000 0.000 0.000 0.000 0.000 0.000 0.000 0.000 1.000
0.000 0.246 0.000 0.000 0.000 0.000 0.000 0.000 0.000 0.000 0.000 0.000 0.000 0.000 0.000 0.000 0.000 0.000 1.000
0.000 0.357 0.000 0.000 0.000 0.000 0.000 0.000 0.000 0.000 0.000 0.000 0.000 0.000 0.000 0.000 0.000 0.000 1.000
0.000 0.473 0.000 0.000 0.000 0.000 0.000 0.000 0.000 0.000 0.000 0.000 0.000 0.000 0.000 0.000 0.000 0.000 1.000
0.000 0.622 0.000 0.000 0.000 0.000 0.000 0.000 0.000 0.000 0.000 0.000 0.000 0.000 0.000 0.000 0.000 0.000 1.000
0.000 0.622 0.000 0.000 0.000 0.000 0.000 0.000 0.000 0.000 0.000 0.000 0.000 0.000 0.000 0.000 0.000 0.000 1.000
0.000 0.634 0.000 0.000 0.000 0.000 0.000 0.000 0.000 0.000 0.000 0.000 0.000 0.000 0.000 0.000 0.000 0.000 1.000
0.000 0.683 0.000 0.000 0.000 0.000 0.000 0.000 0.000 0.000 0.000 0.000 0.000 0.000 0.000 0.000 0.000 0.000 1.000
0.000 0.582 0.000 0.000 0.000 0.000 0.000 0.000 0.000 0.000 0.000 0.000 0.000 0.000 0.000 0.000 0.000 0.000 1.000
0.000 0.469 0.000 0.000 0.000 0.000 0.000 0.000 0.000 0.000 0.000 0.000 0.000 0.000 0.000 0.000 0.000 0.000 1.000
0.000 0.358 0.000 0.000 0.000 0.000 0.000 0.000 0.000 0.000 0.000 0.000 0.000 0.000 0.000 0.000 0.000 0.000 1.000
0.000 0.253 0.000 0.000 0.000 0.000 0.000 0.000 0.000 0.000 0.000 0.000 0.000 0.000 0.000 0.000 0.000 0.000 1.000
0.000 0.151 0.000 0.000 0.000 0.000 0.000 0.000 0.000 0.000 0.000 0.000 0.000 0.000 0.000 0.000 0.000 0.000 1.000
0.000 0.177 0.000 0.000 0.000 0.000 0.000 0.000 0.000 0.000 0.000 0.000 0.000 0.000 0.000 0.000 0.000 0.000 1.000
0.000 0.198 0.000 0.000 0.000 0.000 0.000 0.000 0.000 0.000 0.000 0.000 0.000 0.000 0.000 0.000 0.000 0.000 1.000
0.000 0.200 0.000 0.000 0.000 0.000 0.000 0.000 0.000 0.000 0.000 0.000 0.000 0.000 0.000 0.000 0.000 0.000 1.000
0.000 0.252 0.000 0.000 0.000 0.000 0.000 0.000 0.000 0.000 0.000 0.000 0.000 0.000 0.000 0.000 0.000 0.000 1.000
0.000 0.361 0.000 0.000 0.000 0.000 0.000 0.000 0.000 0.000 0.000 0.000 0.000 0.000 0.000 0.000 0.000 0.000 1.000
0.000 0.414 0.000 0.000 0.000 0.000 0.000 0.000 0.000 0.000 0.000 0.000 0.000 0.000 0.000 0.000 0.000 0.000 1.000
0.000 0.481 0.000 0.000 0.000 0.000 0.000 0.000 0.000 0.000 0.000 0.000 0.000 0.000 0.000 0.000 0.000 0.000 1.000
0.000 0.458 0.000 0.000 0.000 0.000 0.000 0.000 0.000 0.000 0.000 0.000 0.000 0.000 0.000 0.000 0.000 0.000 1.000
0.000 0.465 0.000 0.000 0.000 0.000 0.000 0.000 0.000 0.000 0.000 0.000 0.000 0.000 0.000 0.000 0.000 0.000 1.000
0.000 0.394 0.000 0.000 0.000 0.000 0.000 0.000 0.000 0.000 0.000 0.000 0.000 0.000 0.000 0.000 0.000 0.000 1.000
0.000 0.415 0.000 0.000 0.000 0.000 0.000 0.000 0.000 0.000 0.000 0.000 0.000 0.000 0.000 0.000 0.000 0.000 1.000
0.000 0.439 0.000 0.000 0.000 0.000 0.000 0.000 0.000 0.000 0.000 0.000 0.000 0.000 0.000 0.000 0.000 0.000 1.000
0.000 0.504 0.000 0.000 0.000 0.000 0.000 0.000 0.000 0.000 0.000 0.000 0.000 0.000 0.000 0.000 0.000 0.000 1.000
0.000 0.505 0.000 0.000 0.000 0.000 0.000 0.000 0.000 0.000 0.000 0.000 0.000 0.000 0.000 0.000 0.000 0.000 1.000
0.000 0.505 0.000 0.000 0.000 0.000 0.000 0.000 0.000 0.000 0.000 0.000 0.000 0.000 0.000 0.000 0.000 0.000 1.000
0.000 0.552 0.000 0.000 0.000 0.000 0.000 0.000 0.000 0.000 0.000 0.000 0.000 0.000 0.000 0.000 0.000 0.000 1.000
0.000 0.599 0.000 0.000 0.000 0.000 0.000 0.000 0.000 0.000 0.000 0.000 0.000 0.000 0.000 0.000 0.000 0.000 1.000
0.000 0.671 0.000 0.000 0.000 0.000 0.000 0.000 0.000 0.000 0.000 0.000 0.000 0.000 0.000 0.000 0.000 0.000 1.000
0.000 0.662 0.000 0.000 0.000 0.000 0.000 0.000 0.000 0.000 0.000 0.000 0.000 0.000 0.000 0.000 0.000 0.000 1.000
0.000 0.652 0.000 0.000 0.000 0.000 0.000 0.000 0.000 0.000 0.000 0.000 0.000 0.000 0.000 0.000 0.000 0.000 1.000
0.000 0.621 0.000 0.000 0.000 0.000 0.000 0.000 0.000 0.000 0.000 0.000 0.000 0.000 0.000 0.000 0.000 0.000 1.000
0.000 0.621 0.000 0.000 0.000 0.000 0.000 0.000 0.000 0.000 0.000 0.000 0.000 0.000 0.000 0.000 0.000 0.000 1.000
0.000 0.558 0.000 0.000 0.000 0.000 0.000 0.000 0.000 0.000 0.000 0.000 0.000 0.000 0.000 0.000 0.000 0.000 1.000
0.000 0.496 0.000 0.000 0.000 0.000 0.000 0.000 0.000 0.000 0.000 0.000 0.000 0.000 0.000 0.000 0.000 0.000 1.000
0.000 0.412 0.000 0.000 0.000 0.000 0.000 0.000 0.000 0.000 0.000 0.000 0.000 0.000 0.000 0.000 0.000 0.000 1.000
0.000 0.276 0.000 0.000 0.000 0.000 0.000 0.000 0.000 0.000 0.000 0.000 0.000 0.000 0.000 0.000 0.000 0.000 1.000
0.000 0.229 0.000 0.000 0.000 0.000 0.000 0.000 0.000 0.000 0.000 0.000 0.000 0.000 0.000 0.000 0.000 0.000 1.000
0.000 0.186 0.000 0.000 0.000 0.000 0.000 0.000 0.000 0.000 0.000 0.000 0.000 0.000 0.000 0.000 0.000 0.000 1.000
0.000 0.000 0.000 0.000 0.000 0.000 0.000 0.000 0.000 0.000 0.000 0.000 0.000 0.000 0.000 0.000 0.000 0.000 1.000
0.000 0.000 0.000 0.000 0.000 0.000 0.000 0.000 0.000 0.000 0.000 0.000 0.000 0.000 0.000 0.000 0.000 0.000 1.000
0.000 0.229 0.000 0.000 0.000 0.000 0.000 0.000 0.000 0.000 0.000 0.000 0.000 0.000 0.000 0.000 0.000 0.000 1.000
0.000 0.222 0.000 0.000 0.000 0.000 0.000 0.000 0.000 0.000 0.000 0.000 0.000 0.000 0.000 0.000 0.000 0.000 1.000
0.000 0.214 0.000 0.000 0.000 0.000 0.000 0.000 0.000 0.000 0.000 0.000 0.000 0.000 0.000 0.000 0.000 0.000 1.000
0.000 0.241 0.000 0.000 0.000 0.000 0.000 0.000 0.000 0.000 0.000 0.000 0.000 0.000 0.000 0.000 0.000 0.000 1.000
0.000 0.285 0.000 0.000 0.000 0.000 0.000 0.000 0.000 0.000 0.000 0.000 0.000 0.000 0.000 0.000 0.000 0.000 1.000
0.000 0.309 0.000 0.000 0.000 0.000 0.000 0.000 0.000 0.000 0.000 0.000 0.000 0.000 0.000 0.000 0.000 0.000 1.000
0.000 0.316 0.000 0.000 0.000 0.000 0.000 0.000 0.000 0.000 0.000 0.000 0.000 0.000 0.000 0.000 0.000 0.000 1.000
0.000 0.207 0.000 0.000 0.000 0.000 0.000 0.000 0.000 0.000 0.000 0.000 0.000 0.000 0.000 0.000 0.000 0.000 1.000
0.000 0.217 0.000 0.000 0.000 0.000 0.000 0.326 0.000 0.000 0.000 0.000 0.000 0.000 0.000 0.000 0.000 0.000 1.000
0.000 0.295 0.000 0.000 0.000 0.000 0.273 0.431 0.000 0.000 0.000 0.000 0.000 0.000 0.000 0.000 0.000 0.000 1.000
0.000 0.373 0.000 0.000 0.000 0.000 0.375 0.494 0.000 0.000 0.000 0.000 0.000 0.000 0.000 0.000 0.000 0.000 1.000
0.000 0.335 0.000 0.000 0.000 0.000 0.489 0.565 0.156 0.000 0.000 0.000 0.000 0.000 0.000 0.000 0.000 0.000 1.000
0.155 0.384 0.000 0.000 0.000 0.000 0.482 0.628 0.181 0.000 0.000 0.000 0.000 0.000 0.000 0.000 0.000 0.000 1.000
0.221 0.418 0.000 0.000 0.000 0.000 0.462 0.686 0.000 0.000 0.000 0.000 0.000 0.000 0.000 0.000 0.000 0.000 1.000
0.292 0.472 0.000 0.000 0.000 0.000 0.526 0.725 0.000 0.000 0.000 0.000 0.000 0.000 0.000 0.000 0.000 0.000 1.000
0.228 0.579 0.000 0.000 0.000 0.000 0.589 0.693 0.000 0.000 0.000 0.000 0.000 0.000 0.000 0.000 0.000 0.000 1.000
0.264 0.670 0.000 0.000 0.000 0.000 0.652 0.582 0.000 0.000 0.000 0.000 0.192 0.000 0.000 0.000 0.000 0.000 1.000
0.465 0.557 0.000 0.000 0.000 0.000 0.000 0.000 0.000 0.000 0.000 0.000 0.279 0.000 0.000 0.000 0.000 0.000 1.000
0.557 0.636 0.000 0.000 0.000 0.000 0.000 0.000 0.000 0.000 0.000 0.000 0.406 0.000 0.000 0.000 0.000 0.000 1.000
0.611 0.633 0.000 0.000 0.000 0.000 0.000 0.000 0.000 0.000 0.000 0.000 0.520 0.000 0.000 0.000 0.000 0.000 1.000
0.649 0.644 0.000 0.000 0.000 0.000 0.000 0.000 0.000 0.000 0.000 0.000 0.578 0.000 0.000 0.000 0.000 0.000 1.000
0.771 0.556 0.000 0.000 0.000 0.000 0.000 0.000 0.000 0.000 0.000 0.000 0.573 0.000 0.000 0.000 0.000 0.000 1.000
0.732 0.653 0.000 0.000 0.000 0.000 0.552 1.000 0.000 0.000 0.000 0.000 0.562 0.000 0.000 0.000 0.000 0.000 1.000
0.706 0.652 0.000 0.000 0.000 0.000 0.463 1.000 0.000 0.000 0.000 0.000 0.603 0.000 0.000 0.000 0.000 0.000 1.000
0.000 0.000 0.000 0.000 0.000 0.000 0.000 0.000 0.000 0.476 0.000 0.000 0.000 1.000 0.000 0.000 0.000 0.000 0.000
0.000 0.000 0.000 0.000 0.000 0.000 0.000 0.000 0.000 0.514 0.000 0.000 0.000 1.000 0.000 0.000 0.000 0.000 0.000
0.000 0.188 0.000 0.000 0.000 0.000 0.000 0.000 0.000 0.564 0.000 0.000 0.000 1.000 0.000 0.000 0.000 0.000 0.000
0.000 0.267 0.000 0.000 0.000 0.000 0.000 0.000 0.000 0.623 0.000 0.000 0.000 1.000 0.000 0.000 0.000 0.000 0.000
0.000 0.404 0.000 0.000 0.000 0.000 0.000 0.000 0.000 0.621 0.000 0.000 0.000 1.000 0.000 0.000 0.000 0.000 0.000
0.000 0.503 0.000 0.000 0.000 0.000 0.000 0.000 0.000 0.634 0.000 0.000 0.000 1.000 0.000 0.000 0.000 0.000 0.000
0.000 0.604 0.000 0.000 0.000 0.000 0.000 0.000 0.000 0.589 0.000 0.000 0.000 1.000 0.000 0.000 0.000 0.000 0.000
0.000 0.801 0.000 0.000 0.000 0.000 0.176 0.000 0.216 0.486 0.000 0.000 0.000 1.000 0.000 0.000 0.000 0.000 0.000
0.000 0.985 0.000 0.000 0.000 0.000 0.275 0.000 0.296 0.375 0.000 0.000 0.000 1.000 0.000 0.000 0.000 0.000 0.000
0.000 1.000 0.000 0.000 0.000 0.000 0.372 0.000 0.368 0.297 0.000 0.000 0.000 1.000 0.000 0.000 0.000 0.000 0.000
0.000 1.000 0.000 0.000 0.000 0.000 0.439 0.000 0.450 0.208 0.000 0.000 0.000 1.000 0.000 0.000 0.000 0.000 0.000
0.000 1.000 0.000 0.000 0.000 0.000 0.517 0.000 0.563 0.000 0.000 0.000 0.000 1.000 0.000 0.000 0.000 0.000 0.000
0.000 1.000 0.000 0.000 0.000 0.000 0.517 0.000 0.563 0.000 0.000 0.000 0.000 1.000 0.000 0.000 0.000 0.000 0.000
0.000 1.000 0.000 0.000 0.000 0.000 0.531 0.000 0.531 0.000 0.000 0.000 0.000 1.000 0.000 0.000 0.000 0.000 0.000
0.000 1.000 0.000 0.000 0.000 0.000 0.541 0.000 0.506 0.000 0.000 0.000 0.000 1.000 0.000 0.000 0.000 0.000 0.000
0.000 1.000 0.000 0.000 0.000 0.000 0.551 0.000 0.387 0.000 0.000 0.000 0.000 1.000 0.000 0.000 0.000 0.000 0.000
0.000 1.000 0.000 0.000 0.000 0.000 0.456 0.000 0.211 0.231 0.000 0.000 0.000 1.000 0.000 0.000 0.000 0.000 0.000
0.000 0.977 0.000 0.000 0.000 0.000 0.455 0.000 0.187 0.279 0.000 0.000 0.000 1.000 0.000 0.000 0.000 0.000 0.000
0.000 0.914 0.000 0.000 0.000 0.000 0.412 0.000 0.000 0.273 0.000 0.000 0.000 1.000 0.000 0.000 0.000 0.000 0.000
0.000 0.854 0.000 0.000 0.000 0.000 0.355 0.000 0.000 0.295 0.000 0.000 0.000 1.000 0.000 0.000 0.000 0.000 0.000
0.000 0.757 0.000 0.000 0.000 0.000 0.332 0.000 0.000 0.346 0.000 0.000 0.000 1.000 0.000 0.000 0.000 0.000 0.000
0.000 0.749 0.000 0.000 0.000 0.000 0.338 0.000 0.000 0.409 0.000 0.000 0.000 1.000 0.000 0.000 0.000 0.000 0.000
0.000 0.733 0.000 0.000 0.000 0.000 0.297 0.000 0.000 0.412 0.000 0.000 0.000 1.000 0.000 0.000 0.000 0.000 0.000
0.000 0.775 0.000 0.000 0.000 0.000 0.311 0.000 0.000 0.439 0.000 0.000 0.000 1.000 0.000 0.000 0.000 0.000 0.000
0.000 0.738 0.000 0.000 0.000 0.000 0.311 0.000 0.000 0.440 0.000 0.000 0.000 1.000 0.000 0.000 0.000 0.000 0.000
0.000 0.753 0.000 0.000 0.000 0.000 0.334 0.000 0.000 0.437 0.000 0.000 0.000 1.000 0.000 0.000 0.000 0.000 0.000
0.000 0.808 0.000 0.000 0.000 0.000 0.318 0.000 0.000 0.453 0.000 0.000 0.000 1.000 0.000 0.000 0.000 0.000 0.000
0.000 0.819 0.000 0.000 0.000 0.000 0.348 0.000 0.000 0.462 0.000 0.000 0.000 1.000 0.000 0.000 0.000 0.000 0.000
0.000 0.861 0.000 0.000 0.000 0.000 0.354 0.000 0.000 0.476 0.000 0.000 0.000 1.000 0.000 0.000 0.000 0.000 0.000
0.000 0.871 0.000 0.000 0.000 0.000 0.372 0.000 0.000 0.505 0.000 0.000 0.000 1.000 0.000 0.000 0.000 0.000 0.000
0.000 0.896 0.000 0.000 0.000 0.000 0.372 0.000 0.000 0.498 0.000 0.000 0.000 1.000 0.000 0.000 0.000 0.000 0.000
0.000 0.848 0.000 0.000 0.000 0.000 0.356 0.000 0.000 0.491 0.000 0.000 0.000 1.000 0.000 0.000 0.000 0.000 0.000
0.000 0.881 0.000 0.000 0.000 0.000 0.300 0.000 0.174 0.511 0.000 0.000 0.000 1.000 0.000 0.000 0.000 0.000 0.000
0.000 0.861 0.000 0.000 0.000 0.000 0.314 0.000 0.200 0.505 0.000 0.000 0.000 1.000 0.000 0.000 0.000 0.000 0.000
0.000 0.863 0.000 0.000 0.000 0.000 0.272 0.000 0.239 0.510 0.000 0.000 0.000 1.000 0.000 0.000 0.000 0.000 0.000
0.000 0.927 0.000 0.000 0.000 0.000 0.311 0.000 0.239 0.560 0.000 0.000 0.000 1.000 0.000 0.000 0.000 0.000 0.000
0.000 0.988 0.000 0.000 0.000 0.000 0.317 0.000 0.239 0.574 0.000 0.000 0.000 1.000 0.000 0.000 0.000 0.000 0.000
0.000 0.990 0.000 0.000 0.000 0.000 0.324 0.000 0.199 0.573 0.000 0.000 0.000 1.000 0.000 0.000 0.000 0.000 0.000
0.000 0.993 0.000 0.000 0.000 0.000 0.311 0.000 0.000 0.579 0.000 0.000 0.000 1.000 0.000 0.000 0.000 0.000 0.000
0.000 0.946 0.000 0.000 0.000 0.000 0.310 0.000 0.000 0.575 0.000 0.000 0.000 1.000 0.000 0.000 0.000 0.000 0.000
0.000 0.975 0.000 0.000 0.000 0.000 0.277 0.000 0.000 0.552 0.000 0.000 0.000 1.000 0.000 0.000 0.000 0.000 0.000
0.000 1.000 0.000 0.000 0.000 0.000 0.282 0.000 0.000 0.600 0.000 0.000 0.000 1.000 0.000 0.000 0.000 0.000 0.000
0.000 1.000 0.000 0.000 0.000 0.000 0.294 0.000 0.000 0.644 0.000 0.000 0.000 1.000 0.000 0.000 0.000 0.000 0.000
0.000 1.000 0.000 0.000 0.000 0.000 0.288 0.000 0.000 0.666 0.000 0.000 0.000 1.000 0.000 0.000 0.000 0.000 0.000
0.000 1.000 0.000 0.000 0.000 0.000 0.340 0.000 0.000 0.602 0.000 0.000 0.000 1.000 0.000 0.000 0.000 0.000 0.000
0.000 1.000 0.000 0.000 0.000 0.000 0.301 0.000 0.000 0.580 0.000 0.000 0.000 1.000 0.000 0.000 0.000 0.000 0.000
0.000 1.000 0.000 0.000 0.000 0.000 0.282 0.000 0.000 0.526 0.000 0.000 0.000 1.000 0.000 0.000 0.000 0.000 0.000
0.000 1.000 0.000 0.000 0.000 0.000 0.278 0.000 0.000 0.530 0.000 0.000 0.000 1.000 0.000 0.000 0.000 0.000 0.000
0.000 1.000 0.000 0.000 0.000 0.000 0.277 0.000 0.000 0.612 0.000 0.000 0.000 1.000 0.000 0.000 0.000 0.000 0.000
0.000 1.000 0.000 0.000 0.000 0.000 0.260 0.000 0.000 0.645 0.000 0.000 0.000 1.000 0.000 0.000 0.000 0.000 0.000
0.000 1.000 0.000 0.000 0.000 0.000 0.260 0.000 0.000 0.645 0.000 0.000 0.000 1.000 0.000 0.000 0.000 0.000 0.000
0.000 1.000 0.000 0.000 0.000 0.000 0.279 0.000 0.000 0.642 0.000 0.000 0.000 1.000 0.000 0.000 0.000 0.000 0.000
0.000 1.000 0.000 0.000 0.000 0.000 0.288 0.000 0.000 0.663 0.000 0.000 0.000 1.000 0.000 0.000 0.000 0.000 0.000
0.000 1.000 0.000 0.000 0.000 0.000 0.254 0.000 0.000 0.661 0.000 0.000 0.000 1.000 0.000 0.000 0.000 0.000 0.000
0.000 1.000 0.000 0.000 0.000 0.000 0.251 0.000 0.000 0.673 0.000 0.000 0.000 1.000 0.000 0.000 0.000 0.000 0.000
0.000 1.000 0.000 0.000 0.000 0.000 0.254 0.000 0.000 0.704 0.000 0.000 0.000 1.000 0.000 0.000 0.000 0.000 0.000
0.000 1.000 0.000 0.000 0.000 0.000 0.246 0.000 0.000 0.767 0.000 0.000 0.000 1.000 0.000 0.000 0.000 0.000 0.000
0.000 1.000 0.000 0.000 0.000 0.000 0.228 0.000 0.000 0.689 0.000 0.000 0.000 1.000 0.000 0.000 0.000 0.000 0.000
0.000 1.000 0.000 0.000 0.000 0.000 0.263 0.000 0.000 0.618 0.000 0.000 0.000 1.000 0.000 0.000 0.000 0.000 0.000
0.000 1.000 0.000 0.000 0.000 0.000 0.313 0.000 0.000 0.615 0.000 0.000 0.000 1.000 0.000 0.000 0.000 0.000 0.000
0.000 1.000 0.000 0.000 0.000 0.000 0.347 0.000 0.000 0.631 0.000 0.000 0.000 1.000 0.000 0.000 0.000 0.000 0.000
0.000 1.000 0.000 0.000 0.000 0.000 0.383 0.000 0.000 0.616 0.000 0.000 0.000 1.000 0.000 0.000 0.000 0.000 0.000
0.000 1.000 0.000 0.000 0.000 0.000 0.407 0.000 0.000 0.537 0.000 0.000 0.000 1.000 0.000 0.000 0.000 0.000 0.000
0.000 1.000 0.000 0.000 0.000 0.000 0.404 0.000 0.000 0.547 0.000 0.000 0.000 1.000 0.000 0.000 0.000 0.000 0.000
0.000 1.000 0.000 0.000 0.000 0.000 0.368 0.000 0.000 0.571 0.000 0.000 0.000 1.000 0.000 0.000 0.000 0.000 0.000
0.000 1.000 0.000 0.000 0.000 0.000 0.381 0.000 0.000 0.544 0.000 0.000 0.000 1.000 0.000 0.000 0.000 0.000 0.000
0.000 1.000 0.000 0.000 0.000 0.000 0.389 0.000 0.000 0.530 0.000 0.000 0.000 1.000 0.000 0.000 0.000 0.000 0.000
0.000 1.000 0.000 0.000 0.000 0.000 0.408 0.000 0.000 0.562 0.000 0.000 0.000 1.000 0.000 0.000 0.000 0.000 0.000
0.000 1.000 0.000 0.000 0.000 0.000 0.430 0.000 0.000 0.554 0.000 0.000 0.000 1.000 0.000 0.000 0.000 0.000 0.000
0.000 1.000 0.000 0.000 0.000 0.000 0.441 0.000 0.000 0.524 0.000 0.000 0.000 1.000 0.000 0.000 0.000 0.000 0.000
0.000 0.000 0.000 0.000 0.767 0.000 0.000 0.000 0.167 0.000 0.000 0.000 0.000 0.000 0.000 0.000 0.000 0.000 0.000
0.000 0.000 0.000 0.000 0.905 0.000 0.000 0.000 0.231 0.000 0.000 0.000 0.000 0.000 0.000 0.000 0.000 0.000 0.000
0.000 0.000 0.000 0.000 0.905 0.000 0.000 0.000 0.231 0.000 0.000 0.000 0.000 0.000 0.000 0.000 0.000 0.000 0.000
0.000 0.000 0.000 0.000 1.000 0.000 0.000 0.000 0.280 0.000 0.000 0.000 0.000 0.000 0.000 0.000 0.000 0.000 0.000
0.000 0.000 0.000 0.000 1.000 0.000 0.000 0.000 0.302 0.000 0.000 0.000 0.000 0.000 0.000 0.000 0.000 0.000 0.000
0.000 0.000 0.000 0.000 1.000 0.000 0.164 0.000 0.343 0.000 0.000 0.000 0.000 0.000 0.000 0.000 0.000 0.000 0.000
0.000 0.000 0.000 0.000 1.000 0.000 0.184 0.000 0.398 0.000 0.000 0.000 0.000 0.000 0.000 0.000 0.000 0.000 0.000
0.000 0.000 0.000 0.000 1.000 0.000 0.253 0.000 0.492 0.000 0.000 0.000 0.000 0.000 0.000 0.000 0.000 0.000 0.000
0.000 0.000 0.000 0.000 1.000 0.000 0.201 0.000 0.575 0.000 0.000 0.000 0.000 0.000 0.000 0.000 0.000 0.000 0.000
0.000 0.000 0.000 0.000 1.000 0.000 0.190 0.000 0.635 0.000 0.000 0.000 0.000 0.000 0.000 0.000 0.000 0.000 0.000
0.000 0.000 0.000 0.000 1.000 0.000 0.155 0.000 0.642 0.000 0.000 0.000 0.000 0.000 0.000 0.000 0.000 0.000 0.000
0.000 0.000 0.000 0.000 1.000 0.000 0.206 0.000 0.708 0.000 0.000 0.000 0.000 0.000 0.000 0.000 0.000 0.000 0.000
0.000 0.000 0.000 0.000 1.000 0.000 0.169 0.000 0.760 0.000 0.000 0.000 0.000 0.000 0.000 0.000 0.000 0.000 0.000
0.000 0.000 0.000 0.000 1.000 0.000 0.277 0.000 0.810 0.000 0.000 0.000 0.000 0.000 0.000 0.000 0.000 0.000 0.000
0.000 0.000 0.000 0.000 1.000 0.000 0.342 0.000 0.857 0.000 0.000 0.000 0.000 0.000 0.000 0.000 0.000 0.000 0.000
0.000 0.000 0.000 0.000 1.000 0.000 0.417 0.000 0.884 0.000 0.000 0.000 0.000 0.000 0.000 0.000 0.000 0.000 0.000
0.000 0.000 0.000 0.000 1.000 0.000 0.410 0.000 0.878 0.000 0.000 0.000 0.000 0.000 0.000 0.000 0.000 0.000 0.000
0.000 0.000 0.000 0.000 1.000 0.000 0.455 0.000 0.909 0.000 0.000 0.000 0.000 0.000 0.000 0.000 0.000 0.000 0.000
0.000 0.000 0.000 0.000 1.000 0.000 0.403 0.000 0.921 0.000 0.000 0.000 0.000 0.000 0.000 0.000 0.000 0.000 0.000
0.000 0.000 0.000 0.000 1.000 0.000 0.388 0.000 0.876 0.000 0.000 0.000 0.000 0.000 0.000 0.000 0.000 0.000 0.000
0.000 0.000 0.000 0.000 1.000 0.000 0.285 0.000 0.841 0.000 0.000 0.000 0.000 0.000 0.000 0.000 0.000 0.000 0.000
0.000 0.198 0.000 0.000 1.000 0.000 0.259 0.000 0.803 0.000 0.000 0.000 0.000 0.000 0.000 0.000 0.000 0.000 0.000
0.000 0.306 0.000 0.000 1.000 0.000 0.240 0.000 0.773 0.000 0.000 0.000 0.000 0.000 0.000 0.000 0.000 0.000 0.000
0.000 0.405 0.000 0.000 1.000 0.000 0.366 0.000 0.793 0.000 0.000 0.000 0.000 0.000 0.000 0.000 0.000 0.000 0.000
0.000 0.313 0.000 0.000 1.000 0.000 0.300 0.000 0.877 0.000 0.000 0.000 0.000 0.000 0.000 0.000 0.000 0.000 0.000
0.000 0.207 0.000 0.000 1.000 0.000 0.302 0.000 0.866 0.000 0.000 0.000 0.000 0.000 0.000 0.000 0.000 0.000 0.000
0.000 0.000 0.000 0.000 1.000 0.000 0.304 0.000 0.835 0.000 0.000 0.000 0.000 0.000 0.000 0.000 0.000 0.000 0.000
0.000 0.000 0.000 0.000 1.000 0.000 0.316 0.000 0.751 0.000 0.000 0.000 0.000 0.000 0.000 0.000 0.000 0.000 0.000
0.000 0.000 0.000 0.000 1.000 0.000 0.287 0.000 0.684 0.000 0.000 0.000 0.000 0.000 0.000 0.000 0.000 0.000 0.000
0.000 0.000 0.000 0.000 1.000 0.000 0.338 0.000 0.621 0.000 0.000 0.000 0.000 0.000 0.000 0.000 0.000 0.000 0.000
0.000 0.000 0.000 0.000 1.000 0.000 0.334 0.000 0.536 0.000 0.000 0.000 0.000 0.000 0.000 0.000 0.000 0.000 0.000
0.000 0.000 0.000 0.000 1.000 0.000 0.315 0.000 0.457 0.000 0.000 0.000 0.000 0.000 0.000 0.000 0.000 0.000 0.000
0.000 0.000 0.000 0.000 1.000 0.000 0.336 0.000 0.446 0.000 0.000 0.000 0.000 0.000 0.000 0.000 0.000 0.000 0.000
0.000 0.000 0.000 0.000 1.000 0.000 0.390 0.000 0.424 0.000 0.000 0.000 0.000 0.000 0.000 0.000 0.000 0.000 0.000
0.000 0.000 0.000 0.000 1.000 0.000 0.342 0.000 0.556 0.000 0.000 0.000 0.000 0.000 0.000 0.000 0.000 0.000 0.000
0.000 0.000 0.000 0.000 1.000 0.000 0.356 0.000 0.653 0.000 0.000 0.000 0.000 0.000 0.000 0.000 0.000 0.000 0.000
0.000 0.179 0.000 0.000 1.000 0.000 0.330 0.000 0.748 0.000 0.000 0.000 0.000 0.000 0.000 0.000 0.000 0.000 0.000
0.000 0.186 0.000 0.000 1.000 0.000 0.351 0.000 0.792 0.000 0.000 0.000 0.000 0.000 0.000 0.000 0.000 0.000 0.000
0.000 0.245 0.000 0.000 1.000 0.000 0.358 0.000 0.763 0.000 0.000 0.000 0.000 0.000 0.000 0.000 0.000 0.000 0.000
0.000 0.293 0.000 0.000 1.000 0.000 0.398 0.000 0.806 0.000 0.000 0.000 0.000 0.000 0.000 0.000 0.000 0.000 0.000
0.000 0.345 0.000 0.000 1.000 0.000 0.379 0.000 0.835 0.000 0.000 0.000 0.000 0.000 0.000 0.000 0.000 0.000 0.000
0.000 0.360 0.000 0.000 1.000 0.000 0.386 0.000 0.829 0.000 0.000 0.000 0.000 0.000 0.000 0.000 0.000 0.000 0.000
0.000 0.339 0.000 0.000 1.000 0.000 0.394 0.000 0.769 0.000 0.000 0.000 0.000 0.000 0.000 0.000 0.000 0.000 0.000
0.000 0.305 0.000 0.000 1.000 0.000 0.347 0.000 0.730 0.000 0.000 0.000 0.000 0.000 0.000 0.000 0.000 0.000 0.000
0.000 0.337 0.000 0.000 1.000 0.000 0.327 0.000 0.747 0.000 0.000 0.000 0.000 0.000 0.000 0.000 0.000 0.000 0.000
0.000 0.418 0.000 0.000 1.000 0.000 0.353 0.000 0.763 0.000 0.000 0.000 0.000 0.000 0.000 0.000 0.000 0.000 0.000
0.000 0.435 0.000 0.000 1.000 0.000 0.366 0.000 0.809 0.000 0.000 0.000 0.000 0.000 0.000 0.000 0.000 0.000 0.000
0.000 0.479 0.000 0.000 1.000 0.000 0.388 0.000 0.835 0.000 0.000 0.000 0.000 0.000 0.000 0.000 0.000 0.000 0.000
0.000 0.462 0.000 0.000 1.000 0.000 0.456 0.000 0.866 0.000 0.000 0.000 0.000 0.000 0.000 0.000 0.000 0.000 0.000
0.000 0.531 0.000 0.000 1.000 0.000 0.490 0.000 0.935 0.000 0.000 0.000 0.000 0.000 0.000 0.000 0.000 0.000 0.000
0.000 0.502 0.000 0.000 1.000 0.000 0.435 0.000 1.000 0.000 0.000 0.000 0.000 0.000 0.000 0.000 0.000 0.000 0.000
0.000 0.528 0.000 0.000 1.000 0.000 0.408 0.000 1.000 0.000 0.000 0.000 0.000 0.000 0.000 0.000 0.000 0.000 0.000
0.000 0.473 0.000 0.000 1.000 0.000 0.396 0.000 1.000 0.000 0.000 0.000 0.000 0.000 0.000 0.000 0.000 0.000 0.000
0.000 0.385 0.000 0.000 1.000 0.000 0.340 0.000 1.000 0.000 0.000 0.000 0.000 0.000 0.000 0.000 0.000 0.000 0.000
0.000 0.373 0.000 0.000 1.000 0.000 0.269 0.000 1.000 0.000 0.000 0.000 0.000 0.000 0.000 0.000 0.000 0.000 0.000
0.000 0.297 0.000 0.000 1.000 0.000 0.288 0.000 1.000 0.000 0.000 0.000 0.000 0.000 0.000 0.000 0.000 0.000 0.000
0.000 0.250 0.000 0.000 0.698 0.000 0.233 0.000 1.000 0.000 0.000 0.000 0.000 0.000 0.000 0.000 0.000 0.000 0.000
0.000 0.271 0.000 0.000 0.696 0.000 0.208 0.000 1.000 0.000 0.000 0.000 0.000 0.000 0.000 0.000 0.000 0.000 0.000
0.000 0.213 0.000 0.000 0.654 0.000 0.225 0.000 1.000 0.000 0.000 0.000 0.000 0.000 0.000 0.000 0.000 0.000 0.000
0.000 0.184 0.000 0.000 0.822 0.000 0.229 0.000 1.000 0.000 0.000 0.000 0.000 0.000 0.000 0.000 0.000 0.000 0.000
0.000 0.184 0.000 0.000 0.822 0.000 0.229 0.000 1.000 0.000 0.000 0.000 0.000 0.000 0.000 0.000 0.000 0.000 0.000
0.000 0.199 0.000 0.000 1.000 0.000 0.227 0.000 1.000 0.000 0.000 0.000 0.000 0.000 0.000 0.000 0.000 0.000 0.000
0.000 0.153 0.000 0.000 1.000 0.000 0.290 0.000 1.000 0.000 0.000 0.000 0.000 0.000 0.000 0.000 0.000 0.000 0.000
0.000 0.167 0.000 0.000 1.000 0.000 0.302 0.000 1.000 0.000 0.000 0.000 0.000 0.000 0.000 0.000 0.000 0.000 0.000
0.000 0.293 0.000 0.000 1.000 0.000 0.359 0.000 1.000 0.000 0.000 0.000 0.000 0.000 0.000 0.000 0.000 0.000 0.000
0.000 0.390 0.000 0.000 1.000 0.000 0.408 0.000 1.000 0.000 0.000 0.000 0.000 0.000 0.000 0.000 0.000 0.000 0.000
0.000 0.403 0.000 0.000 1.000 0.000 0.366 0.000 1.000 0.000 0.000 0.000 0.000 0.000 0.000 0.000 0.000 0.000 0.000
0.000 0.460 0.000 0.000 1.000 0.000 0.394 0.000 1.000 0.000 0.000 0.000 0.000 0.000 0.000 0.000 0.000 0.000 0.000
0.000 0.504 0.000 0.000 1.000 0.000 0.415 0.000 1.000 0.000 0.000 0.000 0.000 0.000 0.000 0.000 0.000 0.000 0.000
0.000 0.530 0.000 0.000 1.000 0.000 0.390 0.000 1.000 0.000 0.000 0.000 0.000 0.000 0.000 0.000 0.000 0.000 0.000
0.000 0.212 0.000 0.000 0.000 0.700 0.582 0.000 0.966 0.000 0.000 0.000 0.000 0.000 0.000 0.000 0.000 0.000 0.000
0.000 0.212 0.000 0.000 0.000 1.000 0.617 0.000 1.000 0.000 0.000 0.000 0.000 0.000 0.000 0.000 0.000 0.000 0.000
0.000 0.214 0.000 0.000 0.000 1.000 0.541 0.000 1.000 0.000 0.000 0.000 0.000 0.000 0.000 0.000 0.000 0.000 0.000
0.000 0.169 0.000 0.000 0.000 1.000 0.479 0.000 1.000 0.000 0.000 0.000 0.000 0.000 0.000 0.000 0.000 0.000 0.000
0.000 0.000 0.000 0.000 0.000 1.000 0.482 0.000 0.928 0.000 0.000 0.000 0.000 0.000 0.000 0.000 0.000 0.000 0.000
0.000 0.000 0.000 0.000 0.000 1.000 0.392 0.000 0.790 0.000 0.000 0.000 0.000 0.000 0.000 0.000 0.000 0.000 0.000
0.000 0.000 0.000 0.000 0.000 1.000 0.361 0.000 0.690 0.000 0.000 0.000 0.000 0.000 0.000 0.000 0.000 0.000 0.000
0.000 0.000 0.000 0.000 0.000 1.000 0.414 0.000 0.577 0.000 0.000 0.000 0.000 0.000 0.000 0.000 0.000 0.000 0.000
0.000 0.000 0.000 0.000 0.000 1.000 0.378 0.000 0.631 0.000 0.000 0.000 0.000 0.000 0.000 0.000 0.000 0.000 0.000
0.000 0.000 0.000 0.000 0.000 1.000 0.385 0.000 0.641 0.000 0.000 0.000 0.000 0.000 0.000 0.000 0.000 0.000 0.000
0.000 0.000 0.000 0.000 0.000 1.000 0.360 0.000 0.650 0.000 0.000 0.000 0.000 0.000 0.000 0.000 0.000 0.000 0.000
0.000 0.000 0.000 0.000 0.000 1.000 0.349 0.000 0.684 0.000 0.000 0.000 0.000 0.000 0.000 0.000 0.000 0.000 0.000
0.000 0.000 0.000 0.000 0.000 1.000 0.373 0.000 0.716 0.000 0.000 0.000 0.000 0.000 0.000 0.000 0.000 0.000 0.000
0.000 0.000 0.000 0.000 0.000 1.000 0.387 0.000 0.734 0.000 0.000 0.000 0.000 0.000 0.000 0.000 0.000 0.000 0.000
0.000 0.000 0.000 0.000 0.000 1.000 0.414 0.000 0.754 0.000 0.000 0.000 0.000 0.000 0.000 0.000 0.000 0.000 0.000
0.000 0.000 0.000 0.000 0.000 1.000 0.448 0.000 0.671 0.000 0.000 0.000 0.000 0.000 0.000 0.000 0.000 0.000 0.000
0.000 0.000 0.000 0.000 0.000 1.000 0.448 0.000 0.671 0.000 0.000 0.000 0.000 0.000 0.000 0.000 0.000 0.000 0.000
0.000 0.000 0.000 0.000 0.000 1.000 0.434 0.000 0.667 0.000 0.000 0.000 0.000 0.000 0.000 0.000 0.000 0.000 0.000
0.000 0.000 0.000 0.000 0.000 1.000 0.417 0.000 0.675 0.000 0.000 0.000 0.000 0.000 0.000 0.000 0.000 0.000 0.000
0.000 0.000 0.000 0.000 0.000 1.000 0.396 0.000 0.696 0.000 0.000 0.000 0.000 0.000 0.000 0.000 0.000 0.000 0.000
0.000 0.000 0.000 0.000 0.000 1.000 0.378 0.000 0.680 0.000 0.000 0.000 0.000 0.000 0.000 0.000 0.000 0.000 0.000
0.000 0.000 0.000 0.000 0.000 1.000 0.372 0.000 0.702 0.000 0.000 0.000 0.000 0.000 0.000 0.000 0.000 0.000 0.000
0.000 0.000 0.000 0.000 0.000 1.000 0.366 0.000 0.738 0.000 0.000 0.000 0.000 0.000 0.000 0.000 0.000 0.000 0.000
0.000 0.000 0.000 0.000 0.000 1.000 0.357 0.000 0.785 0.000 0.000 0.000 0.000 0.000 0.000 0.000 0.000 0.000 0.000
0.000 0.000 0.000 0.000 0.000 1.000 0.367 0.000 0.781 0.000 0.000 0.000 0.000 0.000 0.000 0.000 0.000 0.000 0.000
0.000 0.000 0.000 0.000 0.000 1.000 0.375 0.000 0.831 0.000 0.000 0.000 0.000 0.000 0.000 0.000 0.000 0.000 0.000
0.000 0.000 0.000 0.000 0.000 1.000 0.379 0.000 0.837 0.000 0.000 0.000 0.000 0.000 0.000 0.000 0.000 0.000 0.000
0.000 0.000 0.000 0.000 0.000 1.000 0.362 0.000 0.833 0.000 0.000 0.000 0.000 0.000 0.000 0.000 0.000 0.000 0.000
0.000 0.000 0.000 0.000 0.000 1.000 0.350 0.000 0.823 0.000 0.000 0.000 0.000 0.000 0.000 0.000 0.000 0.000 0.000
0.000 0.000 0.000 0.000 0.000 1.000 0.343 0.000 0.811 0.000 0.000 0.000 0.000 0.000 0.000 0.000 0.000 0.000 0.000
0.000 0.000 0.000 0.000 0.000 1.000 0.290 0.000 0.821 0.000 0.000 0.000 0.000 0.000 0.000 0.000 0.000 0.000 0.000
0.000 0.000 0.000 0.000 0.000 1.000 0.232 0.000 0.864 0.000 0.000 0.000 0.000 0.000 0.000 0.000 0.000 0.000 0.000
0.000 0.000 0.000 0.000 0.000 1.000 0.225 0.000 0.902 0.000 0.000 0.000 0.000 0.000 0.000 0.000 0.000 0.000 0.000
0.000 0.000 0.000 0.000 0.000 1.000 0.202 0.000 0.930 0.000 0.000 0.000 0.000 0.000 0.000 0.000 0.000 0.000 0.000
0.000 0.000 0.000 0.000 0.000 1.000 0.226 0.000 0.961 0.000 0.000 0.000 0.000 0.000 0.000 0.000 0.000 0.000 0.000
0.000 0.000 0.000 0.000 0.000 1.000 0.266 0.000 0.949 0.000 0.000 0.000 0.000 0.000 0.000 0.000 0.000 0.000 0.000
0.000 0.000 0.000 0.000 0.000 1.000 0.280 0.000 0.913 0.000 0.000 0.000 0.000 0.000 0.000 0.000 0.000 0.000 0.000
0.000 0.000 0.000 0.000 0.000 1.000 0.286 0.000 0.866 0.000 0.000 0.000 0.000 0.000 0.000 0.000 0.000 0.000 0.000
0.000 0.000 0.000 0.000 0.000 1.000 0.324 0.000 0.826 0.000 0.000 0.000 0.000 0.000 0.000 0.000 0.000 0.000 0.000
0.000 0.000 0.000 0.000 0.000 1.000 0.297 0.000 0.737 0.000 0.000 0.000 0.000 0.000 0.000 0.000 0.000 0.000 0.000
0.000 0.000 0.000 0.000 0.000 1.000 0.323 0.000 0.682 0.000 0.000 0.000 0.000 0.000 0.000 0.000 0.000 0.000 0.000
0.000 0.000 0.000 0.000 0.000 1.000 0.312 0.000 0.599 0.000 0.000 0.000 0.000 0.000 0.000 0.000 0.000 0.000 0.000
0.000 0.000 0.000 0.000 0.000 1.000 0.345 0.000 0.570 0.000 0.000 0.000 0.000 0.000 0.000 0.000 0.000 0.000 0.000
0.000 0.000 0.000 0.000 0.000 1.000 0.324 0.000 0.493 0.000 0.000 0.000 0.000 0.000 0.000 0.000 0.000 0.000 0.000
0.000 0.000 0.000 0.000 0.000 1.000 0.390 0.000 0.468 0.000 0.000 0.000 0.000 0.000 0.000 0.000 0.000 0.000 0.000
0.000 0.000 0.000 0.000 0.000 1.000 0.387 0.000 0.485 0.000 0.000 0.000 0.000 0.000 0.000 0.000 0.000 0.000 0.000
0.000 0.000 0.000 0.000 0.000 1.000 0.388 0.000 0.509 0.000 0.000 0.000 0.000 0.000 0.000 0.000 0.000 0.000 0.000
0.000 0.000 0.000 0.000 0.000 1.000 0.396 0.000 0.543 0.000 0.000 0.000 0.000 0.000 0.000 0.000 0.000 0.000 0.000
0.000 0.000 0.000 0.000 0.000 1.000 0.381 0.000 0.580 0.000 0.000 0.000 0.000 0.000 0.000 0.000 0.000 0.000 0.000
0.000 0.000 0.000 0.000 0.000 1.000 0.418 0.000 0.607 0.000 0.000 0.000 0.000 0.000 0.000 0.000 0.000 0.000 0.000
0.000 0.000 0.000 0.000 0.000 1.000 0.442 0.000 0.681 0.000 0.000 0.000 0.000 0.000 0.000 0.000 0.000 0.000 0.000
0.000 0.000 0.000 0.000 0.000 1.000 0.449 0.000 0.709 0.000 0.000 0.000 0.000 0.000 0.000 0.000 0.000 0.000 0.000
0.000 0.000 0.000 0.000 0.000 1.000 0.457 0.000 0.720 0.000 0.000 0.000 0.000 0.000 0.000 0.000 0.000 0.000 0.000
0.000 0.000 0.000 0.000 0.000 1.000 0.389 0.000 0.699 0.000 0.000 0.000 0.000 0.000 0.000 0.000 0.000 0.000 0.000
0.000 0.000 0.000 0.000 0.000 1.000 0.309 0.000 0.662 0.000 0.000 0.000 0.000 0.000 0.000 0.000 0.000 0.000 0.000
0.000 0.000 0.000 0.000 0.000 1.000 0.295 0.000 0.644 0.000 0.000 0.000 0.000 0.000 0.000 0.000 0.000 0.000 0.000
0.000 0.174 0.000 0.000 0.000 1.000 0.311 0.000 0.631 0.000 0.000 0.000 0.000 0.000 0.000 0.000 0.000 0.000 0.000
0.000 0.194 0.000 0.000 0.000 1.000 0.371 0.000 0.610 0.000 0.000 0.000 0.000 0.000 0.000 0.000 0.000 0.000 0.000
0.000 0.175 0.000 0.000 0.000 1.000 0.420 0.000 0.611 0.000 0.000 0.000 0.000 0.000 0.000 0.000 0.000 0.000 0.000
0.000 0.224 0.000 0.000 0.000 1.000 0.468 0.000 0.596 0.000 0.000 0.000 0.000 0.000 0.000 0.000 0.000 0.000 0.000
0.000 0.251 0.000 0.000 0.000 1.000 0.491 0.000 0.606 0.000 0.000 0.000 0.000 0.000 0.000 0.000 0.000 0.000 0.000
0.000 0.293 0.000 0.000 0.000 1.000 0.466 0.000 0.566 0.000 0.000 0.000 0.000 0.000 0.000 0.000 0.000 0.000 0.000
0.000 0.237 0.000 0.000 0.000 1.000 0.367 0.000 0.488 0.000 0.000 0.000 0.000 0.000 0.000 0.000 0.000 0.000 0.000
0.000 0.212 0.000 0.000 0.000 1.000 0.289 0.000 0.443 0.000 0.000 0.000 0.000 0.000 0.000 0.000 0.000 0.000 0.000
0.000 0.207 0.000 0.000 0.000 1.000 0.257 0.000 0.413 0.000 0.000 0.000 0.000 0.000 0.000 0.000 0.000 0.000 0.000
0.000 0.221 0.000 0.000 0.000 1.000 0.232 0.000 0.380 0.000 0.000 0.000 0.000 0.000 0.000 0.000 0.000 0.000 0.000
0.000 0.174 0.000 0.000 0.000 1.000 0.241 0.000 0.378 0.000 0.000 0.000 0.000 0.000 0.000 0.000 0.000 0.000 0.000
0.000 0.000 0.000 0.000 0.000 1.000 0.241 0.000 0.347 0.000 0.000 0.000 0.000 0.000 0.000 0.000 0.000 0.000 0.000
0.000 0.000 0.000 0.000 0.000 1.000 0.247 0.000 0.372 0.000 0.000 0.000 0.000 0.000 0.000 0.000 0.000 0.000 0.000
0.000 0.158 0.000 0.000 0.000 1.000 0.236 0.000 0.417 0.000 0.000 0.000 0.000 0.000 0.000 0.000 0.000 0.000 0.000
0.790 0.000 0.000 1.000 0.000 0.000 0.000 0.634 0.000 0.000 0.000 0.000 0.000 0.000 0.000 0.177 0.000 0.000 0.000
0.890 0.000 0.000 1.000 0.000 0.000 0.000 0.644 0.000 0.000 0.000 0.000 0.000 0.000 0.000 0.177 0.000 0.000 0.000
0.948 0.000 0.000 1.000 0.000 0.000 0.000 0.639 0.000 0.000 0.000 0.000 0.000 0.000 0.000 0.177 0.000 0.000 0.000
1.000 0.000 0.000 1.000 0.000 0.000 0.000 0.611 0.000 0.000 0.000 0.000 0.000 0.000 0.000 0.177 0.000 0.000 0.000
1.000 0.000 0.000 1.000 0.000 0.000 0.000 0.544 0.000 0.000 0.000 0.000 0.000 0.000 0.000 0.177 0.000 0.000 0.000
1.000 0.000 0.000 1.000 0.000 0.000 0.000 0.457 0.000 0.000 0.000 0.000 0.000 0.000 0.000 0.177 0.000 0.000 0.000
1.000 0.000 0.000 1.000 0.000 0.000 0.000 0.410 0.000 0.000 0.000 0.000 0.000 0.000 0.000 0.177 0.000 0.000 0.000
1.000 0.000 0.000 1.000 0.000 0.000 0.000 0.392 0.000 0.000 0.000 0.000 0.000 0.000 0.000 0.177 0.000 0.000 0.000
1.000 0.000 0.000 1.000 0.000 0.000 0.000 0.364 0.000 0.000 0.000 0.000 0.000 0.000 0.000 0.177 0.000 0.000 0.000
1.000 0.000 0.000 1.000 0.000 0.000 0.000 0.328 0.000 0.000 0.000 0.000 0.000 0.000 0.000 0.177 0.000 0.000 0.000
1.000 0.000 0.000 1.000 0.000 0.000 0.000 0.322 0.000 0.000 0.000 0.000 0.000 0.000 0.000 0.177 0.000 0.000 0.000
1.000 0.000 0.000 1.000 0.000 0.000 0.000 0.319 0.000 0.000 0.000 0.000 0.000 0.000 0.000 0.177 0.000 0.000 0.000
1.000 0.000 0.000 1.000 0.000 0.000 0.000 0.327 0.000 0.000 0.000 0.000 0.000 0.000 0.000 0.177 0.000 0.000 0.000
1.000 0.000 0.000 1.000 0.000 0.000 0.000 0.383 0.000 0.000 0.000 0.000 0.000 0.000 0.000 0.177 0.000 0.000 0.000
1.000 0.000 0.000 1.000 0.000 0.000 0.000 0.401 0.000 0.000 0.000 0.000 0.000 0.000 0.000 0.177 0.000 0.000 0.000
1.000 0.000 0.000 1.000 0.000 0.000 0.000 0.417 0.000 0.000 0.000 0.000 0.000 0.000 0.000 0.177 0.000 0.000 0.000
1.000 0.000 0.000 1.000 0.000 0.000 0.000 0.402 0.000 0.000 0.000 0.000 0.000 0.000 0.000 0.177 0.000 0.000 0.000
1.000 0.000 0.000 1.000 0.000 0.000 0.000 0.434 0.000 0.000 0.000 0.000 0.000 0.000 0.000 0.177 0.000 0.000 0.000
1.000 0.000 0.000 1.000 0.000 0.000 0.000 0.442 0.000 0.000 0.000 0.000 0.000 0.000 0.000 0.177 0.000 0.000 0.000
1.000 0.000 0.000 1.000 0.000 0.000 0.000 0.578 0.000 0.000 0.000 0.000 0.000 0.000 0.000 0.177 0.000 0.000 0.000
1.000 0.000 0.000 1.000 0.000 0.000 0.000 0.581 0.000 0.000 0.000 0.000 0.000 0.000 0.000 0.177 0.000 0.000 0.000
1.000 0.000 0.000 1.000 0.000 0.000 0.000 0.589 0.000 0.000 0.000 0.000 0.000 0.000 0.000 0.177 0.000 0.000 0.000
1.000 0.000 0.000 1.000 0.000 0.000 0.000 0.610 0.000 0.000 0.000 0.000 0.000 0.000 0.000 0.177 0.000 0.000 0.000
1.000 0.000 0.000 1.000 0.000 0.000 0.000 0.641 0.000 0.000 0.000 0.000 0.000 0.000 0.000 0.177 0.000 0.000 0.000
1.000 0.000 0.000 1.000 0.000 0.000 0.000 0.632 0.000 0.000 0.000 0.000 0.000 0.000 0.000 0.177 0.000 0.000 0.000
1.000 0.000 0.000 1.000 0.000 0.000 0.000 0.610 0.000 0.000 0.000 0.000 0.000 0.000 0.000 0.177 0.000 0.000 0.000
1.000 0.000 0.000 1.000 0.000 0.000 0.000 0.555 0.000 0.000 0.000 0.000 0.000 0.000 0.000 0.177 0.000 0.000 0.000
1.000 0.000 0.000 1.000 0.000 0.000 0.000 0.611 0.000 0.000 0.000 0.000 0.000 0.000 0.000 0.177 0.000 0.000 0.000
1.000 0.000 0.000 1.000 0.000 0.000 0.000 0.619 0.000 0.000 0.000 0.000 0.000 0.000 0.000 0.177 0.000 0.000 0.000
1.000 0.000 0.000 1.000 0.000 0.000 0.000 0.675 0.000 0.000 0.000 0.000 0.000 0.000 0.000 0.177 0.000 0.000 0.000
1.000 0.000 0.000 1.000 0.000 0.000 0.000 0.675 0.000 0.000 0.000 0.000 0.000 0.000 0.000 0.177 0.000 0.000 0.000
1.000 0.000 0.000 1.000 0.000 0.000 0.000 0.654 0.000 0.000 0.000 0.000 0.000 0.000 0.000 0.177 0.000 0.000 0.000
1.000 0.000 0.000 1.000 0.000 0.000 0.000 0.658 0.000 0.000 0.000 0.000 0.000 0.000 0.000 0.177 0.000 0.000 0.000
1.000 0.000 0.000 1.000 0.000 0.000 0.000 0.661 0.000 0.000 0.000 0.000 0.000 0.000 0.000 0.177 0.000 0.000 0.000
1.000 0.000 0.000 1.000 0.000 0.000 0.000 0.593 0.000 0.000 0.000 0.000 0.000 0.000 0.000 0.177 0.000 0.000 0.000
1.000 0.000 0.000 1.000 0.000 0.000 0.000 0.518 0.000 0.000 0.000 0.000 0.000 0.000 0.000 0.177 0.000 0.000 0.000
1.000 0.000 0.000 1.000 0.000 0.000 0.000 0.495 0.000 0.000 0.000 0.000 0.000 0.000 0.000 0.177 0.000 0.000 0.000
1.000 0.000 0.000 1.000 0.000 0.000 0.000 0.418 0.000 0.000 0.000 0.000 0.000 0.000 0.000 0.177 0.000 0.000 0.000
1.000 0.000 0.000 1.000 0.000 0.000 0.000 0.454 0.000 0.000 0.000 0.000 0.000 0.000 0.000 0.177 0.000 0.000 0.000
1.000 0.000 0.000 1.000 0.000 0.000 0.000 0.441 0.000 0.000 0.000 0.000 0.000 0.000 0.000 0.177 0.000 0.000 0.000
1.000 0.000 0.000 1.000 0.000 0.000 0.000 0.422 0.000 0.000 0.000 0.000 0.000 0.000 0.000 0.177 0.000 0.000 0.000
1.000 0.000 0.000 1.000 0.000 0.000 0.000 0.413 0.000 0.000 0.000 0.000 0.000 0.000 0.000 0.177 0.000 0.000 0.000
1.000 0.000 0.000 1.000 0.000 0.000 0.000 0.380 0.000 0.000 0.000 0.000 0.000 0.000 0.000 0.177 0.000 0.000 0.000
1.000 0.000 0.000 1.000 0.000 0.000 0.000 0.379 0.000 0.000 0.000 0.000 0.000 0.000 0.000 0.177 0.000 0.000 0.000
1.000 0.000 0.000 1.000 0.000 0.000 0.000 0.457 0.000 0.000 0.000 0.000 0.000 0.000 0.000 0.177 0.000 0.000 0.000
1.000 0.000 0.000 1.000 0.000 0.000 0.000 0.546 0.000 0.000 0.000 0.000 0.000 0.000 0.000 0.177 0.000 0.000 0.000
1.000 0.000 0.000 1.000 0.000 0.000 0.000 0.545 0.000 0.000 0.000 0.000 0.000 0.000 0.000 0.177 0.000 0.000 0.000
1.000 0.000 0.000 1.000 0.000 0.000 0.000 0.545 0.000 0.000 0.000 0.000 0.000 0.000 0.000 0.177 0.000 0.000 0.000
1.000 0.000 0.000 1.000 0.000 0.000 0.000 0.569 0.000 0.000 0.000 0.000 0.000 0.000 0.000 0.177 0.000 0.000 0.000
1.000 0.000 0.000 1.000 0.000 0.000 0.000 0.558 0.000 0.000 0.000 0.000 0.000 0.000 0.000 0.177 0.000 0.000 0.000
1.000 0.000 0.000 0.950 0.000 0.000 0.000 0.546 0.000 0.000 0.000 0.000 0.000 0.000 0.000 0.177 0.000 0.000 0.000
1.000 0.000 0.000 0.851 0.000 0.000 0.000 0.512 0.000 0.000 0.000 0.000 0.000 0.000 0.000 0.177 0.000 0.000 0.000
1.000 0.000 0.000 0.743 0.000 0.000 0.000 0.386 0.000 0.000 0.000 0.000 0.000 0.000 0.000 0.177 0.000 0.000 0.000
1.000 0.000 0.000 0.716 0.000 0.000 0.000 0.000 0.000 0.000 0.000 0.000 0.000 0.000 0.000 0.177 0.000 0.000 0.000
1.000 0.000 0.000 0.718 0.000 0.000 0.000 0.000 0.000 0.000 0.000 0.000 0.000 0.000 0.000 0.177 0.000 0.000 0.000
1.000 0.000 0.000 0.718 0.000 0.000 0.000 0.000 0.000 0.000 0.000 0.000 0.000 0.000 0.000 0.177 0.000 0.000 0.000
1.000 0.000 0.000 0.758 0.000 0.000 0.000 0.000 0.000 0.000 0.000 0.000 0.000 0.000 0.000 0.177 0.000 0.000 0.000
1.000 0.000 0.000 0.751 0.000 0.000 0.000 0.000 0.000 0.000 0.000 0.000 0.000 0.000 0.000 0.177 0.000 0.000 0.000
1.000 0.000 0.000 0.764 0.000 0.000 0.000 0.000 0.000 0.000 0.000 0.000 0.000 0.000 0.000 0.177 0.000 0.000 0.000
1.000 0.000 0.000 0.772 0.000 0.000 0.000 0.000 0.000 0.000 0.000 0.000 0.000 0.000 0.000 0.177 0.000 0.000 0.000
1.000 0.000 0.000 0.779 0.000 0.000 0.000 0.000 0.000 0.000 0.000 0.000 0.000 0.000 0.000 0.177 0.000 0.000 0.000
1.000 0.000 0.000 0.770 0.000 0.000 0.000 0.000 0.000 0.000 0.000 0.000 0.000 0.000 0.000 0.177 0.000 0.000 0.000
1.000 0.000 0.000 0.739 0.000 0.000 0.000 0.155 0.000 0.000 0.000 0.000 0.000 0.000 0.000 0.177 0.000 0.000 0.000
1.000 0.000 0.000 0.950 0.000 0.000 0.000 0.546 0.000 0.000 0.000 0.000 0.000 0.000 0.000 0.177 0.000 0.000 0.000
1.000 0.000 0.000 0.851 0.000 0.000 0.000 0.512 0.000 0.000 0.000 0.000 0.000 0.000 0.000 0.177 0.000 0.000 0.000
1.000 0.000 0.000 0.743 0.000 0.000 0.000 0.386 0.000 0.000 0.000 0.000 0.000 0.000 0.000 0.177 0.000 0.000 0.000
1.000 0.000 0.000 0.716 0.000 0.000 0.000 0.000 0.000 0.000 0.000 0.000 0.000 0.000 0.000 0.177 0.000 0.000 0.000
1.000 0.000 0.000 0.718 0.000 0.000 0.000 0.000 0.000 0.000 0.000 0.000 0.000 0.000 0.000 0.177 0.000 0.000 0.000
1.000 0.000 0.000 0.950 0.000 0.000 0.000 0.546 0.000 0.000 0.000 0.000 0.000 0.000 0.000 0.177 0.000 0.000 0.000
1.000 0.000 0.000 0.851 0.000 0.000 0.000 0.512 0.000 0.000 0.000 0.000 0.000 0.000 0.000 0.177 0.000 0.000 0.000
0.000 0.000 0.875 0.000 0.000 0.000 0.000 0.000 0.309 0.000 0.000 0.000 0.000 0.000 0.000 0.000 0.000 0.000 0.000
0.000 0.000 1.000 0.000 0.000 0.000 0.000 0.000 0.327 0.000 0.000 0.000 0.000 0.000 0.000 0.000 0.000 0.000 0.000
0.000 0.000 1.000 0.000 0.000 0.000 0.000 0.000 0.317 0.000 0.000 0.000 0.000 0.000 0.000 0.000 0.000 0.000 0.000
0.000 0.000 1.000 0.000 0.000 0.000 0.000 0.000 0.300 0.000 0.000 0.000 0.000 0.000 0.000 0.000 0.000 0.000 0.000
0.000 0.000 1.000 0.000 0.000 0.000 0.000 0.000 0.262 0.000 0.000 0.000 0.000 0.000 0.000 0.000 0.000 0.000 0.000
0.000 0.000 1.000 0.000 0.000 0.000 0.000 0.000 0.258 0.000 0.000 0.000 0.000 0.000 0.000 0.000 0.000 0.000 0.000
0.000 0.000 1.000 0.000 0.000 0.000 0.000 0.000 0.313 0.000 0.000 0.000 0.000 0.000 0.000 0.000 0.000 0.000 0.000
0.000 0.000 1.000 0.000 0.000 0.000 0.000 0.000 0.353 0.000 0.000 0.000 0.000 0.000 0.000 0.000 0.000 0.000 0.000
0.000 0.000 1.000 0.000 0.000 0.000 0.000 0.000 0.369 0.000 0.000 0.000 0.000 0.000 0.000 0.000 0.000 0.000 0.000
0.000 0.000 1.000 0.000 0.000 0.000 0.000 0.000 0.445 0.000 0.000 0.000 0.000 0.000 0.000 0.000 0.000 0.000 0.000
0.000 0.000 1.000 0.000 0.000 0.000 0.000 0.000 0.524 0.000 0.000 0.000 0.000 0.000 0.000 0.000 0.000 0.000 0.000
0.000 0.000 1.000 0.000 0.000 0.000 0.000 0.000 0.648 0.000 0.000 0.000 0.000 0.000 0.000 0.000 0.000 0.000 0.000
0.000 0.000 1.000 0.000 0.000 0.000 0.000 0.000 0.664 0.000 0.000 0.000 0.000 0.000 0.000 0.000 0.000 0.000 0.000
0.000 0.000 1.000 0.000 0.000 0.000 0.000 0.000 0.627 0.000 0.000 0.000 0.000 0.000 0.000 0.000 0.000 0.000 0.000
0.000 0.000 1.000 0.000 0.000 0.000 0.000 0.000 0.576 0.000 0.000 0.000 0.000 0.000 0.000 0.000 0.000 0.000 0.000
0.000 0.000 1.000 0.000 0.000 0.000 0.000 0.000 0.549 0.000 0.000 0.000 0.000 0.000 0.000 0.000 0.000 0.000 0.000
0.000 0.000 1.000 0.000 0.000 0.000 0.000 0.000 0.479 0.000 0.000 0.000 0.000 0.000 0.000 0.000 0.000 0.000 0.000
0.000 0.252 1.000 0.000 0.000 0.000 0.000 0.000 0.433 0.000 0.000 0.000 0.000 0.000 0.000 0.000 0.000 0.000 0.000
0.000 0.298 1.000 0.000 0.000 0.000 0.000 0.000 0.416 0.000 0.000 0.000 0.000 0.000 0.000 0.000 0.000 0.000 0.000
0.000 0.298 1.000 0.000 0.000 0.000 0.000 0.000 0.347 0.000 0.000 0.000 0.000 0.000 0.000 0.000 0.000 0.000 0.000
0.000 0.294 1.000 0.000 0.000 0.000 0.000 0.000 0.329 0.000 0.000 0.000 0.000 0.000 0.000 0.000 0.000 0.000 0.000
0.000 0.288 1.000 0.000 0.000 0.000 0.000 0.000 0.304 0.000 0.000 0.000 0.000 0.000 0.000 0.000 0.000 0.000 0.000
0.000 0.285 1.000 0.000 0.000 0.000 0.000 0.000 0.297 0.000 0.000 0.000 0.000 0.000 0.000 0.000 0.000 0.196 0.000
0.000 0.285 1.000 0.000 0.000 0.000 0.000 0.000 0.297 0.000 0.000 0.000 0.000 0.000 0.000 0.000 0.000 0.196 0.000
0.000 0.327 1.000 0.000 0.000 0.000 0.000 0.000 0.300 0.000 0.000 0.000 0.000 0.000 0.000 0.000 0.000 0.196 0.000
0.000 0.316 1.000 0.000 0.000 0.000 0.000 0.000 0.371 0.000 0.000 0.000 0.000 0.000 0.000 0.000 0.000 0.196 0.000
0.000 0.291 1.000 0.000 0.000 0.000 0.000 0.000 0.423 0.000 0.000 0.000 0.000 0.000 0.000 0.000 0.000 0.199 0.000
0.000 0.290 1.000 0.000 0.000 0.000 0.000 0.000 0.461 0.000 0.000 0.000 0.000 0.000 0.000 0.000 0.000 0.199 0.000
0.000 0.375 1.000 0.000 0.000 0.000 0.000 0.000 0.522 0.000 0.000 0.000 0.000 0.000 0.000 0.000 0.000 0.183 0.000
0.000 0.420 1.000 0.000 0.000 0.000 0.000 0.000 0.567 0.000 0.000 0.000 0.000 0.000 0.000 0.000 0.000 0.000 0.000
0.000 0.536 1.000 0.000 0.000 0.000 0.000 0.000 0.771 0.000 0.000 0.000 0.000 0.000 0.000 0.000 0.000 0.000 0.000
0.000 0.543 1.000 0.000 0.000 0.000 0.000 0.000 0.760 0.000 0.000 0.000 0.000 0.000 0.000 0.000 0.000 0.000 0.000
0.000 0.462 1.000 0.000 0.000 0.000 0.000 0.000 0.747 0.000 0.000 0.000 0.000 0.000 0.000 0.000 0.000 0.000 0.000
0.000 0.462 1.000 0.000 0.000 0.000 0.000 0.000 0.747 0.000 0.000 0.000 0.000 0.000 0.000 0.000 0.000 0.000 0.000
0.000 0.438 1.000 0.000 0.000 0.000 0.000 0.000 0.687 0.000 0.000 0.000 0.000 0.000 0.000 0.000 0.000 0.000 0.000
0.000 0.442 1.000 0.000 0.000 0.000 0.000 0.000 0.668 0.000 0.000 0.000 0.000 0.000 0.000 0.000 0.000 0.000 0.000
0.000 0.429 1.000 0.000 0.000 0.000 0.000 0.000 0.630 0.000 0.000 0.000 0.000 0.000 0.000 0.000 0.000 0.000 0.000
0.000 0.338 1.000 0.000 0.000 0.000 0.000 0.000 0.555 0.000 0.000 0.000 0.000 0.000 0.000 0.000 0.000 0.000 0.000
0.000 0.384 1.000 0.000 0.000 0.000 0.000 0.000 0.516 0.000 0.000 0.000 0.000 0.000 0.000 0.000 0.000 0.000 0.000
0.000 0.371 1.000 0.000 0.000 0.000 0.000 0.000 0.524 0.000 0.000 0.000 0.000 0.000 0.000 0.000 0.000 0.000 0.000
0.000 0.381 1.000 0.000 0.000 0.000 0.000 0.000 0.516 0.000 0.000 0.000 0.000 0.000 0.000 0.000 0.000 0.000 0.000
0.000 0.446 1.000 0.000 0.000 0.000 0.000 0.000 0.543 0.000 0.000 0.000 0.000 0.000 0.000 0.000 0.000 0.000 0.000
0.000 0.423 1.000 0.000 0.000 0.000 0.000 0.000 0.596 0.000 0.000 0.000 0.000 0.000 0.000 0.000 0.000 0.000 0.000
0.000 0.397 1.000 0.000 0.000 0.000 0.000 0.000 0.651 0.000 0.000 0.000 0.000 0.000 0.000 0.000 0.000 0.000 0.000
0.000 0.440 1.000 0.000 0.000 0.000 0.000 0.000 0.678 0.000 0.000 0.000 0.000 0.000 0.000 0.000 0.000 0.000 0.000
0.000 0.462 1.000 0.000 0.000 0.000 0.000 0.000 0.706 0.000 0.000 0.000 0.000 0.000 0.000 0.000 0.000 0.000 0.000
0.000 0.440 1.000 0.000 0.000 0.000 0.000 0.000 0.681 0.000 0.000 0.000 0.000 0.000 0.000 0.000 0.000 0.000 0.000
0.000 0.421 1.000 0.000 0.000 0.000 0.000 0.000 0.659 0.000 0.000 0.000 0.000 0.000 0.000 0.000 0.000 0.000 0.000
0.000 0.423 1.000 0.000 0.000 0.000 0.000 0.000 0.647 0.000 0.000 0.000 0.000 0.000 0.000 0.000 0.000 0.000 0.000
0.000 0.369 1.000 0.000 0.000 0.000 0.000 0.000 0.605 0.000 0.000 0.000 0.000 0.000 0.000 0.000 0.000 0.000 0.000
0.000 0.369 1.000 0.000 0.000 0.000 0.000 0.000 0.605 0.000 0.000 0.000 0.000 0.000 0.000 0.000 0.000 0.000 0.000
0.000 0.394 1.000 0.000 0.000 0.000 0.000 0.000 0.546 0.000 0.000 0.000 0.000 0.000 0.000 0.000 0.000 0.000 0.000
0.000 0.370 1.000 0.000 0.000 0.000 0.000 0.000 0.524 0.000 0.000 0.000 0.000 0.000 0.000 0.000 0.000 0.000 0.000
0.000 0.368 1.000 0.000 0.000 0.000 0.000 0.000 0.568 0.000 0.000 0.000 0.000 0.000 0.000 0.000 0.000 0.000 0.000
0.000 0.236 1.000 0.000 0.609 0.000 0.000 0.000 0.617 0.000 0.000 0.000 0.000 0.000 0.000 0.000 0.000 0.000 0.000
0.000 0.255 1.000 0.000 0.547 0.000 0.000 0.000 0.549 0.000 0.000 0.000 0.000 0.000 0.000 0.000 0.000 0.000 0.000
0.000 0.222 1.000 0.000 0.524 0.000 0.000 0.000 0.509 0.000 0.000 0.000 0.000 0.000 0.000 0.000 0.000 0.000 0.000
0.000 0.196 1.000 0.000 0.497 0.000 0.000 0.000 0.519 0.000 0.000 0.000 0.000 0.000 0.000 0.000 0.000 0.000 0.000
0.000 0.184 1.000 0.000 0.489 0.000 0.000 0.000 0.528 0.000 0.000 0.000 0.000 0.000 0.000 0.000 0.000 0.000 0.000
0.000 0.000 1.000 0.000 0.446 0.000 0.000 0.000 0.565 0.000 0.000 0.000 0.000 0.000 0.000 0.000 0.000 0.000 0.000
0.000 0.000 1.000 0.000 0.412 0.000 0.000 0.000 0.618 0.000 0.000 0.000 0.000 0.000 0.000 0.000 0.000 0.000 0.000
0.000 0.000 1.000 0.000 0.373 0.000 0.000 0.000 0.629 0.000 0.000 0.000 0.000 0.000 0.000 0.000 0.000 0.000 0.000
0.000 0.000 1.000 0.000 0.385 0.000 0.000 0.000 0.662 0.000 0.000 0.000 0.000 0.000 0.000 0.000 0.000 0.000 0.000
0.000 0.000 1.000 0.000 0.499 0.000 0.000 0.000 0.672 0.000 0.000 0.000 0.000 0.000 0.000 0.000 0.000 0.000 0.000
0.000 0.000 1.000 0.000 0.536 0.000 0.000 0.000 0.724 0.000 0.000 0.000 0.000 0.000 0.000 0.000 0.000 0.000 0.000
0.000 0.000 1.000 0.000 0.583 0.000 0.000 0.000 0.727 0.000 0.000 0.000 0.000 0.000 0.000 0.000 0.000 0.000 0.000
0.000 0.000 1.000 0.000 0.681 0.000 0.000 0.000 0.730 0.000 0.000 0.000 0.000 0.000 0.000 0.000 0.000 0.000 0.000
0.000 0.000 1.000 0.000 0.741 0.000 0.000 0.000 0.728 0.000 0.000 0.000 0.000 0.000 0.000 0.000 0.000 0.000 0.000
0.000 0.000 1.000 0.000 0.768 0.000 0.000 0.000 0.711 0.000 0.000 0.000 0.000 0.000 0.000 0.000 0.000 0.000 0.000
0.000 0.000 1.000 0.000 0.766 0.000 0.000 0.000 0.746 0.000 0.000 0.000 0.000 0.000 0.000 0.000 0.000 0.000 0.000
0.000 0.194 0.000 0.000 0.000 0.000 1.000 0.292 0.000 0.000 0.000 0.000 0.865 0.000 0.000 0.000 0.000 0.000 0.000
0.000 0.182 0.000 0.000 0.000 0.000 0.928 0.367 0.000 0.000 0.000 0.000 1.000 0.000 0.000 0.000 0.000 0.000 0.000
0.000 0.175 0.000 0.000 0.000 0.000 0.825 0.482 0.000 0.000 0.000 0.000 1.000 0.000 0.000 0.000 0.000 0.000 0.000
0.000 0.189 0.000 0.000 0.000 0.000 0.825 0.607 0.000 0.000 0.000 0.000 1.000 0.000 0.000 0.000 0.000 0.000 0.000
0.000 0.296 0.000 0.000 0.000 0.000 0.866 0.734 0.000 0.000 0.000 0.000 1.000 0.000 0.000 0.000 0.000 0.000 0.000
0.000 0.372 0.000 0.000 0.000 0.000 0.882 0.829 0.000 0.000 0.000 0.000 1.000 0.000 0.000 0.000 0.000 0.000 0.000
0.000 0.464 0.000 0.000 0.000 0.000 0.854 0.960 0.000 0.000 0.000 0.000 1.000 0.000 0.000 0.000 0.000 0.000 0.000
0.000 0.537 0.000 0.000 0.000 0.000 0.830 1.000 0.000 0.000 0.000 0.000 1.000 0.000 0.000 0.000 0.000 0.000 0.000
0.000 0.602 0.000 0.000 0.000 0.000 0.792 1.000 0.000 0.000 0.000 0.000 1.000 0.000 0.000 0.000 0.000 0.000 0.000
0.000 0.707 0.000 0.000 0.000 0.000 0.735 1.000 0.000 0.000 0.000 0.000 1.000 0.000 0.000 0.000 0.000 0.000 0.000
0.000 0.809 0.000 0.000 0.000 0.000 0.679 1.000 0.000 0.000 0.000 0.000 1.000 0.000 0.000 0.000 0.000 0.000 0.000
0.000 0.868 0.000 0.000 0.000 0.000 0.689 1.000 0.000 0.000 0.000 0.000 1.000 0.000 0.000 0.000 0.000 0.000 0.000
0.000 0.848 0.000 0.000 0.000 0.000 0.675 1.000 0.000 0.000 0.000 0.000 1.000 0.000 0.000 0.000 0.000 0.000 0.000
0.000 0.856 0.000 0.000 0.000 0.000 0.655 1.000 0.000 0.000 0.000 0.000 1.000 0.000 0.000 0.000 0.000 0.000 0.000
0.000 0.895 0.000 0.000 0.000 0.000 0.599 0.993 0.000 0.000 0.000 0.000 1.000 0.000 0.000 0.000 0.000 0.000 0.000
0.000 0.935 0.000 0.000 0.000 0.000 0.558 0.876 0.000 0.000 0.000 0.000 1.000 0.000 0.000 0.000 0.000 0.000 0.000
0.000 0.986 0.000 0.000 0.000 0.000 0.509 0.800 0.000 0.000 0.000 0.000 1.000 0.000 0.000 0.000 0.000 0.000 0.000
0.000 0.997 0.000 0.000 0.000 0.000 0.442 0.734 0.000 0.000 0.000 0.000 1.000 0.000 0.000 0.000 0.000 0.000 0.000
0.000 0.973 0.000 0.000 0.000 0.000 0.360 0.731 0.000 0.000 0.000 0.000 1.000 0.000 0.000 0.000 0.000 0.000 0.000
0.000 1.000 0.000 0.000 0.000 0.000 0.327 0.883 0.000 0.000 0.000 0.000 1.000 0.000 0.000 0.000 0.000 0.000 0.000
0.000 1.000 0.000 0.000 0.000 0.000 0.297 0.875 0.000 0.000 0.000 0.000 1.000 0.000 0.000 0.000 0.000 0.000 0.000
0.000 1.000 0.000 0.000 0.000 0.000 0.283 0.906 0.000 0.000 0.000 0.000 1.000 0.000 0.000 0.000 0.000 0.000 0.000
0.000 0.977 0.000 0.000 0.000 0.000 0.297 0.922 0.000 0.000 0.000 0.000 1.000 0.000 0.000 0.000 0.000 0.000 0.000
0.000 0.917 0.000 0.000 0.000 0.000 0.314 0.987 0.000 0.000 0.000 0.000 1.000 0.000 0.000 0.000 0.000 0.000 0.000
0.000 0.846 0.000 0.000 0.000 0.000 0.330 1.000 0.000 0.000 0.000 0.000 1.000 0.000 0.000 0.000 0.000 0.000 0.000
0.000 0.802 0.000 0.000 0.000 0.000 0.351 1.000 0.000 0.000 0.000 0.000 1.000 0.000 0.000 0.000 0.000 0.000 0.000
0.000 0.804 0.000 0.000 0.000 0.000 0.362 0.924 0.000 0.000 0.000 0.000 1.000 0.000 0.000 0.000 0.000 0.000 0.000
0.000 0.707 0.000 0.000 0.000 0.000 0.359 0.737 0.000 0.000 0.000 0.000 1.000 0.000 0.000 0.000 0.000 0.000 0.000
0.000 0.608 0.000 0.000 0.000 0.000 0.408 0.718 0.000 0.000 0.000 0.000 1.000 0.000 0.000 0.000 0.000 0.000 0.000
0.000 0.573 0.000 0.000 0.000 0.000 0.444 0.636 0.000 0.000 0.000 0.000 1.000 0.000 0.000 0.000 0.000 0.000 0.000
0.000 0.601 0.000 0.000 0.000 0.000 0.452 0.620 0.000 0.000 0.000 0.000 1.000 0.000 0.000 0.000 0.000 0.000 0.000
0.000 0.621 0.000 0.000 0.000 0.000 0.444 0.562 0.000 0.000 0.000 0.000 1.000 0.000 0.000 0.000 0.000 0.000 0.000
0.000 0.584 0.000 0.000 0.000 0.000 0.459 0.509 0.000 0.000 0.000 0.000 1.000 0.000 0.000 0.000 0.000 0.000 0.000
0.000 0.533 0.000 0.000 0.000 0.000 0.444 0.494 0.000 0.000 0.000 0.000 1.000 0.000 0.000 0.000 0.000 0.000 0.000
0.000 0.241 0.000 0.000 0.000 0.000 0.355 0.000 0.000 0.000 0.000 0.000 0.889 0.000 0.000 0.000 0.000 0.000 0.000
0.000 0.245 0.000 0.000 0.000 0.000 0.341 0.000 0.000 0.000 0.000 0.000 0.929 0.000 0.000 0.000 0.000 0.000 0.000
0.000 0.293 0.000 0.000 0.000 0.000 0.337 0.000 0.000 0.000 0.000 0.000 0.977 0.000 0.000 0.000 0.000 0.000 0.000
0.000 0.293 0.000 0.000 0.000 0.000 0.337 0.000 0.000 0.000 0.000 0.000 0.977 0.000 0.000 0.000 0.000 0.000 0.000
0.000 0.322 0.000 0.000 0.000 0.000 0.372 0.000 0.000 0.000 0.000 0.000 1.000 0.000 0.000 0.000 0.000 0.000 0.000
0.000 0.354 0.000 0.000 0.000 0.000 0.420 0.000 0.000 0.000 0.000 0.000 1.000 0.000 0.000 0.000 0.000 0.000 0.000
0.000 0.354 0.000 0.000 0.000 0.000 0.420 0.000 0.000 0.000 0.000 0.000 1.000 0.000 0.000 0.000 0.000 0.000 0.000
0.000 0.405 0.000 0.000 0.000 0.000 0.473 0.000 0.000 0.183 0.000 0.000 1.000 0.000 0.000 0.000 0.000 0.000 0.000
0.000 0.472 0.000 0.000 0.000 0.000 0.486 0.000 0.000 0.214 0.000 0.000 1.000 0.000 0.000 0.000 0.000 0.000 0.000
0.000 0.496 0.000 0.000 0.000 0.000 0.509 0.000 0.000 0.222 0.000 0.000 1.000 0.000 0.000 0.000 0.000 0.000 0.000
0.000 0.514 0.000 0.000 0.000 0.000 0.495 0.000 0.000 0.255 0.000 0.000 1.000 0.000 0.000 0.000 0.000 0.000 0.000
0.000 0.536 0.000 0.000 0.000 0.000 0.477 0.000 0.000 0.242 0.000 0.000 1.000 0.000 0.000 0.000 0.000 0.000 0.000
0.000 0.536 0.000 0.000 0.000 0.000 0.477 0.000 0.000 0.242 0.000 0.000 1.000 0.000 0.000 0.000 0.000 0.000 0.000
0.000 0.495 0.000 0.000 0.000 0.000 0.492 0.000 0.000 0.244 0.000 0.000 1.000 0.000 0.000 0.000 0.000 0.000 0.000
0.000 0.484 0.000 0.000 0.000 0.000 0.489 0.000 0.000 0.253 0.000 0.000 1.000 0.000 0.000 0.000 0.000 0.000 0.000
0.000 0.491 0.000 0.000 0.000 0.000 0.452 0.000 0.000 0.278 0.000 0.000 1.000 0.000 0.000 0.000 0.000 0.000 0.000
0.000 0.532 0.000 0.000 0.000 0.000 0.457 0.000 0.000 0.262 0.000 0.000 1.000 0.000 0.000 0.000 0.000 0.000 0.000
0.000 0.571 0.000 0.000 0.000 0.000 0.444 0.000 0.000 0.245 0.000 0.000 1.000 0.000 0.000 0.000 0.000 0.000 0.000
0.000 0.539 0.000 0.000 0.000 0.000 0.409 0.000 0.000 0.210 0.000 0.000 1.000 0.000 0.000 0.000 0.000 0.000 0.000
0.000 0.540 0.000 0.000 0.000 0.000 0.395 0.000 0.000 0.194 0.000 0.000 1.000 0.000 0.000 0.000 0.000 0.000 0.000
0.000 0.485 0.000 0.000 0.000 0.000 0.392 0.000 0.000 0.180 0.000 0.000 1.000 0.000 0.000 0.000 0.000 0.000 0.000
0.000 0.484 0.000 0.000 0.000 0.000 0.381 0.000 0.000 0.000 0.000 0.000 1.000 0.000 0.000 0.000 0.000 0.000 0.000
0.000 0.480 0.000 0.000 0.000 0.000 0.373 0.000 0.000 0.000 0.000 0.000 1.000 0.000 0.000 0.000 0.000 0.000 0.000
0.000 0.489 0.000 0.000 0.000 0.000 0.357 0.000 0.000 0.000 0.000 0.000 1.000 0.000 0.000 0.000 0.000 0.000 0.000
0.000 0.421 0.000 0.000 0.000 0.000 0.339 0.000 0.000 0.000 0.000 0.000 1.000 0.000 0.000 0.000 0.000 0.000 0.000
0.000 0.339 0.000 0.000 0.000 0.000 0.334 0.000 0.000 0.000 0.000 0.000 1.000 0.000 0.000 0.000 0.000 0.000 0.000
0.000 0.352 0.000 0.000 0.000 0.000 0.317 0.000 0.000 0.000 0.000 0.000 1.000 0.000 0.000 0.000 0.000 0.000 0.000
0.000 0.320 0.000 0.000 0.000 0.000 0.301 0.000 0.000 0.000 0.000 0.000 1.000 0.000 0.000 0.000 0.000 0.000 0.000
0.000 0.359 0.000 0.000 0.000 0.000 0.317 0.000 0.000 0.000 0.000 0.000 1.000 0.000 0.000 0.000 0.000 0.000 0.000
0.000 0.362 0.000 0.000 0.000 0.000 0.320 0.000 0.000 0.000 0.000 0.000 1.000 0.000 0.000 0.000 0.000 0.000 0.000
0.000 0.303 0.000 0.000 0.000 0.000 0.279 0.000 0.000 0.000 0.000 0.000 0.992 0.000 0.000 0.000 0.000 0.000 0.000
0.000 0.272 0.000 0.000 0.000 0.000 0.272 0.000 0.000 0.000 0.000 0.000 0.996 0.000 0.000 0.000 0.000 0.000 0.000
0.000 0.284 0.000 0.000 0.000 0.000 0.257 0.000 0.000 0.180 0.000 0.000 1.000 0.000 0.000 0.000 0.000 0.000 0.000
0.000 0.303 0.000 0.000 0.000 0.000 0.227 0.000 0.000 0.183 0.000 0.000 1.000 0.000 0.000 0.000 0.000 0.000 0.000
0.000 0.279 0.000 0.000 0.000 0.000 0.210 0.000 0.000 0.206 0.000 0.000 1.000 0.000 0.000 0.000 0.000 0.000 0.000
0.000 0.279 0.000 0.000 0.000 0.000 0.210 0.000 0.000 0.206 0.000 0.000 1.000 0.000 0.000 0.000 0.000 0.000 0.000